BEGIN DSCRDATA
% INDEX	K01	L01	M01	K02	L02	M02	K03	L03	M03	K04	L04	M04	K05	L05	M05	K06	L06	M06	K07	L07	M07	K08	L08	M08	K09	L09	M09	K10	L10	M10	K11	L11	M11	K12	L12	M12	K13	L13	M13	K14	L14	M14	K15	L15	M15	K16	L16	M16	K17	L17	M17	K18	L18	M18
0	0.000000000001	1.0E+10	100000000000	1E-30	5.28962348929706E-10	1.0E+10	1E-30	1.0E+10	0.361535751644615	1E-30	4.22124590322601E-11	0.227449880944553	2.44480291960533E-11	1.31403485657027E-11	100000	2.61215981045762E-11	1.0064625418337E-11	1.58181616550283	1.0E+10	1E-30	1.0E-10	1.0E+10	1E-30	1.0E-10	1.0E+10	1E-30	1.0E-10	1.0E+10	1E-30	1.0E-10	1.0E+10	1E-30	1.0E-10	1.0E+10	1E-30	1.0E-10	1.0E+10	1E-30	1.0E-10	1.0E+10	1E-30	1.0E-10	1.0E+10	1E-30	1.0E-10	1.0E+10	1E-30	1.0E-10	1.0E+10	1E-30	1.0E-10	1.0E+10	1E-30	1.0E-10
1	0.000000000001	1.0E+10	100000000000	1E-30	5.28962348929706E-10	1.0E+10	1E-30	1.0E+10	0.361535751644615	1E-30	4.22124590322601E-11	0.227449880944553	2.44480291960533E-11	1.31403485657027E-11	100000	2.61215981045762E-11	1.0064625418337E-11	1.58181616550283	1.0E+10	1E-30	1.0E-10	1.0E+10	1E-30	1.0E-10	1.0E+10	1E-30	1.0E-10	1.0E+10	1E-30	1.0E-10	1.0E+10	1E-30	1.0E-10	1.0E+10	1E-30	1.0E-10	1.0E+10	1E-30	1.0E-10	1.0E+10	1E-30	1.0E-10	1.0E+10	1E-30	1.0E-10	1.0E+10	1E-30	1.0E-10	1.0E+10	1E-30	1.0E-10	1.0E+10	1E-30	1.0E-10
2	0.000000000002	1.0E+10	100000000000	1E-30	4.27287171631684E-10	1.0E+10	1E-30	1.0E+10	0.244689401090105	1E-30	3.13055257234574E-11	0.280531196051075	1.86199723482559E-11	1.52490999293272E-11	1.48706859574364	2.34261716245284E-12	1.05808368256428E-10	100000	1.0E+10	1E-30	1.0E-10	1.0E+10	1E-30	1.0E-10	1.0E+10	1E-30	1.0E-10	1.0E+10	1E-30	1.0E-10	1.0E+10	1E-30	1.0E-10	1.0E+10	1E-30	1.0E-10	1.0E+10	1E-30	1.0E-10	1.0E+10	1E-30	1.0E-10	1.0E+10	1E-30	1.0E-10	1.0E+10	1E-30	1.0E-10	1.0E+10	1E-30	1.0E-10	1.0E+10	1E-30	1.0E-10
3	0.000000000002	1.0E+10	100000000000	1E-30	4.27287171631684E-10	1.0E+10	1E-30	1.0E+10	0.244689401090105	1E-30	3.13055257234574E-11	0.280531196051075	1.86199723482559E-11	1.52490999293272E-11	1.48706859574364	2.34261716245284E-12	1.05808368256428E-10	100000	1.0E+10	1E-30	1.0E-10	1.0E+10	1E-30	1.0E-10	1.0E+10	1E-30	1.0E-10	1.0E+10	1E-30	1.0E-10	1.0E+10	1E-30	1.0E-10	1.0E+10	1E-30	1.0E-10	1.0E+10	1E-30	1.0E-10	1.0E+10	1E-30	1.0E-10	1.0E+10	1E-30	1.0E-10	1.0E+10	1E-30	1.0E-10	1.0E+10	1E-30	1.0E-10	1.0E+10	1E-30	1.0E-10
4	0.000000000003	1.0E+10	100000000000	1E-30	4.40267808257545E-10	1.0E+10	1E-30	1.0E+10	0.170227607640475	1E-30	1.64577591871762E-11	0.317543254860764	1E-30	3.15408392272527E-11	0.140699502034867	1.07731240893193E-11	2.79404232289049E-11	5.5076588989305	6.58238295660553E-12	4.50313466233917E-11	100000	1.0E+10	1E-30	1.0E-10	1.0E+10	1E-30	1.0E-10	1.0E+10	1E-30	1.0E-10	1.0E+10	1E-30	1.0E-10	1.0E+10	1E-30	1.0E-10	1.0E+10	1E-30	1.0E-10	1.0E+10	1E-30	1.0E-10	1.0E+10	1E-30	1.0E-10	1.0E+10	1E-30	1.0E-10	1.0E+10	1E-30	1.0E-10	1.0E+10	1E-30	1.0E-10
5	0.000000000003	1.0E+10	100000000000	1E-30	4.40267808257545E-10	1.0E+10	1E-30	1.0E+10	0.170227607640475	1E-30	1.64577591871762E-11	0.317543254860764	1E-30	3.15408392272527E-11	0.140699502034867	1.07731240893193E-11	2.79404232289049E-11	5.5076588989305	6.58238295660553E-12	4.50313466233917E-11	100000	1.0E+10	1E-30	1.0E-10	1.0E+10	1E-30	1.0E-10	1.0E+10	1E-30	1.0E-10	1.0E+10	1E-30	1.0E-10	1.0E+10	1E-30	1.0E-10	1.0E+10	1E-30	1.0E-10	1.0E+10	1E-30	1.0E-10	1.0E+10	1E-30	1.0E-10	1.0E+10	1E-30	1.0E-10	1.0E+10	1E-30	1.0E-10	1.0E+10	1E-30	1.0E-10
6	0.000000000004	1.0E+10	100000000000	1E-30	4.09007462120493E-10	1.0E+10	1E-30	1.0E+10	0.153858415197409	1E-30	2.07106693998294E-11	0.571810478350151	1E-30	2.04489439731029E-11	0.120088517616767	1.49882880687074E-11	2.86391228764703E-11	13.7496844139787	4.25341019530837E-12	6.66343683021401E-11	100000	1.0E+10	1E-30	1.0E-10	1.0E+10	1E-30	1.0E-10	1.0E+10	1E-30	1.0E-10	1.0E+10	1E-30	1.0E-10	1.0E+10	1E-30	1.0E-10	1.0E+10	1E-30	1.0E-10	1.0E+10	1E-30	1.0E-10	1.0E+10	1E-30	1.0E-10	1.0E+10	1E-30	1.0E-10	1.0E+10	1E-30	1.0E-10	1.0E+10	1E-30	1.0E-10
7	0.000000000004	1.0E+10	100000000000	1E-30	4.09007462120493E-10	1.0E+10	1E-30	1.0E+10	0.153858415197409	1E-30	2.07106693998294E-11	0.571810478350151	1E-30	2.04489439731029E-11	0.120088517616767	1.49882880687074E-11	2.86391228764703E-11	13.7496844139787	4.25341019530837E-12	6.66343683021401E-11	100000	1.0E+10	1E-30	1.0E-10	1.0E+10	1E-30	1.0E-10	1.0E+10	1E-30	1.0E-10	1.0E+10	1E-30	1.0E-10	1.0E+10	1E-30	1.0E-10	1.0E+10	1E-30	1.0E-10	1.0E+10	1E-30	1.0E-10	1.0E+10	1E-30	1.0E-10	1.0E+10	1E-30	1.0E-10	1.0E+10	1E-30	1.0E-10	1.0E+10	1E-30	1.0E-10
8	0.000000000005	1.0E+10	100000000000	1E-30	3.44524754663812E-10	1.0E+10	1E-30	1.0E+10	0.141589156876828	1E-30	2.84503454992936E-11	0.194008374812199	1.7776211942211E-11	3.23087041038413E-11	15.4534066661941	6.35789378444147E-12	4.90307157612547E-11	20.742122700372	4.61929493599537E-12	6.33860826825274E-11	100000	1.0E+10	1E-30	1.0E-10	1.0E+10	1E-30	1.0E-10	1.0E+10	1E-30	1.0E-10	1.0E+10	1E-30	1.0E-10	1.0E+10	1E-30	1.0E-10	1.0E+10	1E-30	1.0E-10	1.0E+10	1E-30	1.0E-10	1.0E+10	1E-30	1.0E-10	1.0E+10	1E-30	1.0E-10	1.0E+10	1E-30	1.0E-10	1.0E+10	1E-30	1.0E-10
9	0.000000000005	1.0E+10	100000000000	1E-30	3.44524754663812E-10	1.0E+10	1E-30	1.0E+10	0.141589156876828	1E-30	2.84503454992936E-11	0.194008374812199	1.7776211942211E-11	3.23087041038413E-11	15.4534066661941	6.35789378444147E-12	4.90307157612547E-11	20.742122700372	4.61929493599537E-12	6.33860826825274E-11	100000	1.0E+10	1E-30	1.0E-10	1.0E+10	1E-30	1.0E-10	1.0E+10	1E-30	1.0E-10	1.0E+10	1E-30	1.0E-10	1.0E+10	1E-30	1.0E-10	1.0E+10	1E-30	1.0E-10	1.0E+10	1E-30	1.0E-10	1.0E+10	1E-30	1.0E-10	1.0E+10	1E-30	1.0E-10	1.0E+10	1E-30	1.0E-10	1.0E+10	1E-30	1.0E-10
10	0.000000000006	1.0E+10	100000000000	1E-30	3.59724054510316E-10	1.0E+10	1E-30	1.0E+10	0.138366194183787	1E-30	1.71613519324893E-11	0.448890641567965	1E-30	4.01539524152058E-11	0.153377626146616	1.20442353185206E-11	2.4825561670431E-11	3.44703564630465	1.91388945076607E-12	1.31643736040436E-10	100000	1.0E+10	1E-30	1.0E-10	1.0E+10	1E-30	1.0E-10	1.0E+10	1E-30	1.0E-10	1.0E+10	1E-30	1.0E-10	1.0E+10	1E-30	1.0E-10	1.0E+10	1E-30	1.0E-10	1.0E+10	1E-30	1.0E-10	1.0E+10	1E-30	1.0E-10	1.0E+10	1E-30	1.0E-10	1.0E+10	1E-30	1.0E-10	1.0E+10	1E-30	1.0E-10
11	0.000000000006	1.0E+10	100000000000	1E-30	3.59724054510316E-10	1.0E+10	1E-30	1.0E+10	0.138366194183787	1E-30	1.71613519324893E-11	0.448890641567965	1E-30	4.01539524152058E-11	0.153377626146616	1.20442353185206E-11	2.4825561670431E-11	3.44703564630465	1.91388945076607E-12	1.31643736040436E-10	100000	1.0E+10	1E-30	1.0E-10	1.0E+10	1E-30	1.0E-10	1.0E+10	1E-30	1.0E-10	1.0E+10	1E-30	1.0E-10	1.0E+10	1E-30	1.0E-10	1.0E+10	1E-30	1.0E-10	1.0E+10	1E-30	1.0E-10	1.0E+10	1E-30	1.0E-10	1.0E+10	1E-30	1.0E-10	1.0E+10	1E-30	1.0E-10	1.0E+10	1E-30	1.0E-10
12	0.000000000007	1.0E+10	100000000000	1E-30	4.10737274821518E-10	1.0E+10	1E-30	1.0E+10	0.132138689601519	1E-30	9.41165185311734E-12	0.170443890345174	1E-30	4.668269877523E-11	0.163435528821806	5.95556257570079E-12	5.37893207778225E-11	13.3079667141797	1.16341450695229E-11	2.70249999018489E-11	100000	1.0E+10	1E-30	1.0E-10	1.0E+10	1E-30	1.0E-10	1.0E+10	1E-30	1.0E-10	1.0E+10	1E-30	1.0E-10	1.0E+10	1E-30	1.0E-10	1.0E+10	1E-30	1.0E-10	1.0E+10	1E-30	1.0E-10	1.0E+10	1E-30	1.0E-10	1.0E+10	1E-30	1.0E-10	1.0E+10	1E-30	1.0E-10	1.0E+10	1E-30	1.0E-10
13	0.000000000007	1.0E+10	100000000000	1E-30	4.10737274821518E-10	1.0E+10	1E-30	1.0E+10	0.132138689601519	1E-30	9.41165185311734E-12	0.170443890345174	1E-30	4.668269877523E-11	0.163435528821806	5.95556257570079E-12	5.37893207778225E-11	13.3079667141797	1.16341450695229E-11	2.70249999018489E-11	100000	1.0E+10	1E-30	1.0E-10	1.0E+10	1E-30	1.0E-10	1.0E+10	1E-30	1.0E-10	1.0E+10	1E-30	1.0E-10	1.0E+10	1E-30	1.0E-10	1.0E+10	1E-30	1.0E-10	1.0E+10	1E-30	1.0E-10	1.0E+10	1E-30	1.0E-10	1.0E+10	1E-30	1.0E-10	1.0E+10	1E-30	1.0E-10	1.0E+10	1E-30	1.0E-10
14	0.000000000008	1.0E+10	100000000000	1E-30	3.51948466420756E-10	1.0E+10	1E-30	1.0E+10	0.129231386029393	1E-30	2.80802908151239E-11	0.120818804508796	3.14527109235627E-11	2.87786625257345E-11	12.0347112635411	6.26892678011739E-12	6.72173790664409E-11	25.1256463781694	1.63442918920454E-11	1.96055649307004E-11	40.9383366051656	1.0E+10	1E-30	1.0E-10	1.0E+10	1E-30	1.0E-10	1.0E+10	1E-30	1.0E-10	1.0E+10	1E-30	1.0E-10	1.0E+10	1E-30	1.0E-10	1.0E+10	1E-30	1.0E-10	1.0E+10	1E-30	1.0E-10	1.0E+10	1E-30	1.0E-10	1.0E+10	1E-30	1.0E-10	1.0E+10	1E-30	1.0E-10	1.0E+10	1E-30	1.0E-10
15	0.000000000008	1.0E+10	100000000000	1E-30	3.51948466420756E-10	1.0E+10	1E-30	1.0E+10	0.129231386029393	1E-30	2.80802908151239E-11	0.120818804508796	3.14527109235627E-11	2.87786625257345E-11	12.0347112635411	6.26892678011739E-12	6.72173790664409E-11	25.1256463781694	1.63442918920454E-11	1.96055649307004E-11	40.9383366051656	1.0E+10	1E-30	1.0E-10	1.0E+10	1E-30	1.0E-10	1.0E+10	1E-30	1.0E-10	1.0E+10	1E-30	1.0E-10	1.0E+10	1E-30	1.0E-10	1.0E+10	1E-30	1.0E-10	1.0E+10	1E-30	1.0E-10	1.0E+10	1E-30	1.0E-10	1.0E+10	1E-30	1.0E-10	1.0E+10	1E-30	1.0E-10	1.0E+10	1E-30	1.0E-10
16	0.000000000009	1.0E+10	100000000000	1E-30	3.21245622965621E-10	1.0E+10	1E-30	1.0E+10	0.116120123407359	1E-30	7.30956516000709E-12	0.10836251089112	1E-30	2.30984223741967E-11	0.102930486207556	3.72932445826689E-11	2.7464172403067E-11	12.301952101657	7.08282856151007E-12	6.42835673962377E-11	21.6122440025156	5.12562152234857E-12	5.70978462007853E-11	100000	1.0E+10	1E-30	1.0E-10	1.0E+10	1E-30	1.0E-10	1.0E+10	1E-30	1.0E-10	1.0E+10	1E-30	1.0E-10	1.0E+10	1E-30	1.0E-10	1.0E+10	1E-30	1.0E-10	1.0E+10	1E-30	1.0E-10	1.0E+10	1E-30	1.0E-10	1.0E+10	1E-30	1.0E-10	1.0E+10	1E-30	1.0E-10
17	0.000000000009	1.0E+10	100000000000	1E-30	3.21245622965621E-10	1.0E+10	1E-30	1.0E+10	0.116120123407359	1E-30	7.30956516000709E-12	0.10836251089112	1E-30	2.30984223741967E-11	0.102930486207556	3.72932445826689E-11	2.7464172403067E-11	12.301952101657	7.08282856151007E-12	6.42835673962377E-11	21.6122440025156	5.12562152234857E-12	5.70978462007853E-11	100000	1.0E+10	1E-30	1.0E-10	1.0E+10	1E-30	1.0E-10	1.0E+10	1E-30	1.0E-10	1.0E+10	1E-30	1.0E-10	1.0E+10	1E-30	1.0E-10	1.0E+10	1E-30	1.0E-10	1.0E+10	1E-30	1.0E-10	1.0E+10	1E-30	1.0E-10	1.0E+10	1E-30	1.0E-10	1.0E+10	1E-30	1.0E-10
18	0.00000000001	1.0E+10	100000000000	1E-30	3.46740410453055E-11	1.0E+10	1E-30	1.0E+10	0.24	1E-30	3.31500004702151E-11	0.257349381232148	1.97214820323781E-11	3.08239125646141E-11	6.43407992457093	2.83240260068287E-12	1.17350644367298E-10	15.1340664826451	7.49920422706963E-13	3.46756739382241E-10	100000	1.0E+10	1E-30	1.0E-10	1.0E+10	1E-30	1.0E-10	1.0E+10	1E-30	1.0E-10	1.0E+10	1E-30	1.0E-10	1.0E+10	1E-30	1.0E-10	1.0E+10	1E-30	1.0E-10	1.0E+10	1E-30	1.0E-10	1.0E+10	1E-30	1.0E-10	1.0E+10	1E-30	1.0E-10	1.0E+10	1E-30	1.0E-10	1.0E+10	1E-30	1.0E-10
19	0.00000000001	1.0E+10	100000000000	1E-30	1.30644538493412E-10	1.0E+10	1E-30	1.0E+10	0.178822713556102	1E-30	3.68715104908261E-11	0.366782264696923	1E-30	1.84536051933856E-11	7.59852495674142E-02	1.23890756838552E-11	4.61982872979388E-11	9.88536118549229	2.90971443535396E-12	1.14232608622747E-10	26.8077431199288	1.12868737064561E-12	2.46868925031831E-10	100000	1.0E+10	1E-30	1.0E-10	1.0E+10	1E-30	1.0E-10	1.0E+10	1E-30	1.0E-10	1.0E+10	1E-30	1.0E-10	1.0E+10	1E-30	1.0E-10	1.0E+10	1E-30	1.0E-10	1.0E+10	1E-30	1.0E-10	1.0E+10	1E-30	1.0E-10	1.0E+10	1E-30	1.0E-10	1.0E+10	1E-30	1.0E-10
20	0.000000000012	1.0E+10	100000000000	1E-30	6.18286776518806E-11	1.0E+10	1E-30	1.0E+10	0.160251046186691	1E-30	1.3652245109828E-11	0.202391185661246	1E-30	6.45198990320603E-11	0.176585944296417	3.40300954564208E-12	9.83873457524314E-11	15.0938560495735	7.40778396336114E-13	3.55050819837751E-10	100000	1.0E+10	1E-30	1.0E-10	1.0E+10	1E-30	1.0E-10	1.0E+10	1E-30	1.0E-10	1.0E+10	1E-30	1.0E-10	1.0E+10	1E-30	1.0E-10	1.0E+10	1E-30	1.0E-10	1.0E+10	1E-30	1.0E-10	1.0E+10	1E-30	1.0E-10	1.0E+10	1E-30	1.0E-10	1.0E+10	1E-30	1.0E-10	1.0E+10	1E-30	1.0E-10
21	0.000000000012	1.0E+10	100000000000	1E-30	6.18286776518806E-11	1.0E+10	1E-30	1.0E+10	0.160251046186691	1E-30	1.3652245109828E-11	0.202391185661246	1E-30	6.45198990320603E-11	0.176585944296417	3.40300954564208E-12	9.83873457524314E-11	15.0938560495735	7.40778396336114E-13	3.55050819837751E-10	100000	1.0E+10	1E-30	1.0E-10	1.0E+10	1E-30	1.0E-10	1.0E+10	1E-30	1.0E-10	1.0E+10	1E-30	1.0E-10	1.0E+10	1E-30	1.0E-10	1.0E+10	1E-30	1.0E-10	1.0E+10	1E-30	1.0E-10	1.0E+10	1E-30	1.0E-10	1.0E+10	1E-30	1.0E-10	1.0E+10	1E-30	1.0E-10	1.0E+10	1E-30	1.0E-10
22	0.000000000015	1.0E+10	100000000000	1E-30	3.98107170553497E-11	1.0E+10	1E-30	1.0E+10	0.21	1E-30	1.84711805775584E-11	0.255263337536242	2.09972083844286E-12	1.52808041137279E-10	31.5979256805287	8.6877501792401E-13	3.06289964465382E-10	100000	1.0E+10	1E-30	1.0E-10	1.0E+10	1E-30	1.0E-10	1.0E+10	1E-30	1.0E-10	1.0E+10	1E-30	1.0E-10	1.0E+10	1E-30	1.0E-10	1.0E+10	1E-30	1.0E-10	1.0E+10	1E-30	1.0E-10	1.0E+10	1E-30	1.0E-10	1.0E+10	1E-30	1.0E-10	1.0E+10	1E-30	1.0E-10	1.0E+10	1E-30	1.0E-10	1.0E+10	1E-30	1.0E-10
23	0.000000000015	1.0E+10	100000000000	1E-30	2.78014882153499E-11	1.0E+10	1E-30	1.0E+10	0.144887192014998	1E-30	1.7217462130471E-11	0.182766108741105	1E-30	2.2547841008365E-11	0.073019598755895	1.93425437201559E-12	1.6588005843473E-10	35.9175367232076	8.04261340500638E-13	3.01746956323571E-10	100000	1.0E+10	1E-30	1.0E-10	1.0E+10	1E-30	1.0E-10	1.0E+10	1E-30	1.0E-10	1.0E+10	1E-30	1.0E-10	1.0E+10	1E-30	1.0E-10	1.0E+10	1E-30	1.0E-10	1.0E+10	1E-30	1.0E-10	1.0E+10	1E-30	1.0E-10	1.0E+10	1E-30	1.0E-10	1.0E+10	1E-30	1.0E-10	1.0E+10	1E-30	1.0E-10
24	0.000000000018	1.0E+10	100000000000	1E-30	0.000000000001	1.0E+10	1E-30	1.0E+10	0.129408749714147	1E-30	5.41755428206533E-11	0.294070419354309	4.21698361131049E-11	4.426224404796E-11	5.07373446634126	7.39295923572175E-13	4.74224623407E-10	294.874935264238	1.0E+10	1E-30	1.0E-10	1.0E+10	1E-30	1.0E-10	1.0E+10	1E-30	1.0E-10	1.0E+10	1E-30	1.0E-10	1.0E+10	1E-30	1.0E-10	1.0E+10	1E-30	1.0E-10	1.0E+10	1E-30	1.0E-10	1.0E+10	1E-30	1.0E-10	1.0E+10	1E-30	1.0E-10	1.0E+10	1E-30	1.0E-10	1.0E+10	1E-30	1.0E-10	1.0E+10	1E-30	1.0E-10
25	0.000000000018	1.0E+10	100000000000	1E-30	0.000000000001	1.0E+10	1E-30	1.0E+10	0.129408749714147	1E-30	5.41755428206533E-11	0.294070419354309	4.21698361131049E-11	4.426224404796E-11	5.07373446634126	7.39295923572175E-13	4.74224623407E-10	294.874935264238	1.0E+10	1E-30	1.0E-10	1.0E+10	1E-30	1.0E-10	1.0E+10	1E-30	1.0E-10	1.0E+10	1E-30	1.0E-10	1.0E+10	1E-30	1.0E-10	1.0E+10	1E-30	1.0E-10	1.0E+10	1E-30	1.0E-10	1.0E+10	1E-30	1.0E-10	1.0E+10	1E-30	1.0E-10	1.0E+10	1E-30	1.0E-10	1.0E+10	1E-30	1.0E-10	1.0E+10	1E-30	1.0E-10
26	0.000000000022	1.0E+10	100000000000	1E-30	1.27077319169535E-12	1.0E+10	1E-30	1.0E+10	0.149717478798481	1E-30	2.29183693878933E-11	0.156577114712417	2.89649589156295E-10	8.90591972602815E-12	1.05197169345387	1.26212388337123E-12	2.53746668173887E-10	66.9121547466842	1.01135620666068E-12	2.45547743497275E-10	100000	1.0E+10	1E-30	1.0E-10	1.0E+10	1E-30	1.0E-10	1.0E+10	1E-30	1.0E-10	1.0E+10	1E-30	1.0E-10	1.0E+10	1E-30	1.0E-10	1.0E+10	1E-30	1.0E-10	1.0E+10	1E-30	1.0E-10	1.0E+10	1E-30	1.0E-10	1.0E+10	1E-30	1.0E-10	1.0E+10	1E-30	1.0E-10	1.0E+10	1E-30	1.0E-10
27	0.000000000022	1.0E+10	100000000000	1E-30	6.36895300513494E-11	1.0E+10	1E-30	1.0E+10	0.112317886161291	1E-30	3.12801238823589E-11	0.102574626724427	3.32714627536109E-10	7.74192733468355E-12	0.977714134796952	1.28405122784059E-12	2.48492874288507E-10	68.6311014002395	1.33069101251967E-12	1.99969088890516E-10	100000	1.0E+10	1E-30	1.0E-10	1.0E+10	1E-30	1.0E-10	1.0E+10	1E-30	1.0E-10	1.0E+10	1E-30	1.0E-10	1.0E+10	1E-30	1.0E-10	1.0E+10	1E-30	1.0E-10	1.0E+10	1E-30	1.0E-10	1.0E+10	1E-30	1.0E-10	1.0E+10	1E-30	1.0E-10	1.0E+10	1E-30	1.0E-10	1.0E+10	1E-30	1.0E-10
28	0.000000000027	1.0E+10	100000000000	1E-30	4.80078625234517E-12	1.0E+10	1E-30	1.0E+10	0.101970725039767	1E-30	2.7973313416746E-11	9.98869198704999E-02	8.49788126645818E-10	3.8913515428902E-12	0.42980581495518	4.88368166022841E-11	2.16801384721761E-11	3.15183223983473	5.09292017545046E-12	6.65291475628612E-11	101.363887459002	7.43538064450558E-13	4.10675888388117E-10	151.074793004019	1.0E+10	1E-30	1.0E-10	1.0E+10	1E-30	1.0E-10	1.0E+10	1E-30	1.0E-10	1.0E+10	1E-30	1.0E-10	1.0E+10	1E-30	1.0E-10	1.0E+10	1E-30	1.0E-10	1.0E+10	1E-30	1.0E-10	1.0E+10	1E-30	1.0E-10	1.0E+10	1E-30	1.0E-10	1.0E+10	1E-30	1.0E-10
29	0.000000000027	1.0E+10	100000000000	1E-30	4.80078625234517E-12	1.0E+10	1E-30	1.0E+10	0.101970725039767	1E-30	2.7973313416746E-11	9.98869198704999E-02	8.49788126645818E-10	3.8913515428902E-12	0.42980581495518	4.88368166022841E-11	2.16801384721761E-11	3.15183223983473	5.09292017545046E-12	6.65291475628612E-11	101.363887459002	7.43538064450558E-13	4.10675888388117E-10	151.074793004019	1.0E+10	1E-30	1.0E-10	1.0E+10	1E-30	1.0E-10	1.0E+10	1E-30	1.0E-10	1.0E+10	1E-30	1.0E-10	1.0E+10	1E-30	1.0E-10	1.0E+10	1E-30	1.0E-10	1.0E+10	1E-30	1.0E-10	1.0E+10	1E-30	1.0E-10	1.0E+10	1E-30	1.0E-10	1.0E+10	1E-30	1.0E-10
30	0.000000000033	1.0E+10	100000000000	1E-30	9.63980046168358E-11	1.0E+10	1E-30	1.0E+10	0.13	1E-30	1.3609629321639E-11	0.105409344647066	3.70476789342337E-10	1.03328090044557E-11	0.932346332201093	7.8304658767574E-11	1.49425361144948E-11	2.34180709448779	3.96121984105042E-12	7.94822962009027E-11	7.58709801629175	7.09798685275565E-13	3.26516325856366E-10	100000	1.0E+10	1E-30	1.0E-10	1.0E+10	1E-30	1.0E-10	1.0E+10	1E-30	1.0E-10	1.0E+10	1E-30	1.0E-10	1.0E+10	1E-30	1.0E-10	1.0E+10	1E-30	1.0E-10	1.0E+10	1E-30	1.0E-10	1.0E+10	1E-30	1.0E-10	1.0E+10	1E-30	1.0E-10	1.0E+10	1E-30	1.0E-10
31	0.000000000033	1.0E+10	100000000000	1E-30	1.50356170088182E-11	1.0E+10	1E-30	1.0E+10	0.105667967101333	1E-30	3.16844645165468E-11	0.175338371109473	9.91064790543127E-10	3.59090259829441E-12	0.309879274815915	5.4785775828359E-11	2.01606445193171E-11	2.55510975746425	5.15051986813164E-12	7.08223235132464E-11	11.986139576669	6.14013762599766E-13	3.86244213330079E-10	100000	1.0E+10	1E-30	1.0E-10	1.0E+10	1E-30	1.0E-10	1.0E+10	1E-30	1.0E-10	1.0E+10	1E-30	1.0E-10	1.0E+10	1E-30	1.0E-10	1.0E+10	1E-30	1.0E-10	1.0E+10	1E-30	1.0E-10	1.0E+10	1E-30	1.0E-10	1.0E+10	1E-30	1.0E-10	1.0E+10	1E-30	1.0E-10
32	0.000000000039	1.0E+10	100000000000	1E-30	0.000000000001	1.0E+10	1E-30	1.0E+10	0.101180783952215	1E-30	2.63094776564486E-11	7.25945953781904E-02	3.453415450746E-10	1.39279053988981E-11	1.55567058325297	6.23742436553761E-11	2.10813017267589E-11	2.71304920606835	2.35436113300734E-12	1.35809244185937E-10	14.7442312856925	8.60078851832232E-13	3.47137732582227E-10	100000	1.0E+10	1E-30	1.0E-10	1.0E+10	1E-30	1.0E-10	1.0E+10	1E-30	1.0E-10	1.0E+10	1E-30	1.0E-10	1.0E+10	1E-30	1.0E-10	1.0E+10	1E-30	1.0E-10	1.0E+10	1E-30	1.0E-10	1.0E+10	1E-30	1.0E-10	1.0E+10	1E-30	1.0E-10	1.0E+10	1E-30	1.0E-10
33	0.000000000039	1.0E+10	100000000000	1E-30	0.000000000001	1.0E+10	1E-30	1.0E+10	0.101180783952215	1E-30	2.63094776564486E-11	7.25945953781904E-02	3.453415450746E-10	1.39279053988981E-11	1.55567058325297	6.23742436553761E-11	2.10813017267589E-11	2.71304920606835	2.35436113300734E-12	1.35809244185937E-10	14.7442312856925	8.60078851832232E-13	3.47137732582227E-10	100000	1.0E+10	1E-30	1.0E-10	1.0E+10	1E-30	1.0E-10	1.0E+10	1E-30	1.0E-10	1.0E+10	1E-30	1.0E-10	1.0E+10	1E-30	1.0E-10	1.0E+10	1E-30	1.0E-10	1.0E+10	1E-30	1.0E-10	1.0E+10	1E-30	1.0E-10	1.0E+10	1E-30	1.0E-10	1.0E+10	1E-30	1.0E-10
34	0.000000000047	1.0E+10	100000000000	1E-30	1.75415531769545E-10	1.0E+10	1E-30	1.0E+10	0.102329299228075	1E-30	9.01669580143582E-12	7.35131423732551E-02	3.16650450962011E-10	1.92106702910798E-11	1.6311485357943	8.30909057978529E-11	2.18248676658215E-11	2.15550507202147	3.67629274122157E-12	8.20485179344419E-11	9.21466609340794	1.21607861633272E-12	2.04210674443394E-10	100000	1.0E+10	1E-30	1.0E-10	1.0E+10	1E-30	1.0E-10	1.0E+10	1E-30	1.0E-10	1.0E+10	1E-30	1.0E-10	1.0E+10	1E-30	1.0E-10	1.0E+10	1E-30	1.0E-10	1.0E+10	1E-30	1.0E-10	1.0E+10	1E-30	1.0E-10	1.0E+10	1E-30	1.0E-10	1.0E+10	1E-30	1.0E-10
35	0.000000000047	1.0E+10	100000000000	1E-30	0.000000000083	1.0E+10	1E-30	1.0E+10	9.36251842022614E-02	1E-30	1.80805999662136E-11	5.63642183003799E-02	3.40725763045707E-10	1.75871940561349E-11	1.46125700150569	8.01855929178524E-11	2.23537532030582E-11	2.28357931639112	3.39621647264336E-12	8.36661075412998E-11	8.17583841051022	8.46618270746308E-13	2.73748945448053E-10	100000	1.0E+10	1E-30	1.0E-10	1.0E+10	1E-30	1.0E-10	1.0E+10	1E-30	1.0E-10	1.0E+10	1E-30	1.0E-10	1.0E+10	1E-30	1.0E-10	1.0E+10	1E-30	1.0E-10	1.0E+10	1E-30	1.0E-10	1.0E+10	1E-30	1.0E-10	1.0E+10	1E-30	1.0E-10	1.0E+10	1E-30	1.0E-10
36	0.000000000056	1.0E+10	100000000000	1E-30	3.4262881978501E-11	1.0E+10	1E-30	1.0E+10	9.36141382946438E-02	1E-30	3.9531611236113E-11	1.81111300754589	1E-30	4.95987997669405E-11	0.167182653594421	5.33748837716645E-10	1.15126874885411E-11	0.729171230099875	6.93629063244426E-13	5.05446425936163E-10	239.627186803387	1.0E+10	1E-30	1.0E-10	1.0E+10	1E-30	1.0E-10	1.0E+10	1E-30	1.0E-10	1.0E+10	1E-30	1.0E-10	1.0E+10	1E-30	1.0E-10	1.0E+10	1E-30	1.0E-10	1.0E+10	1E-30	1.0E-10	1.0E+10	1E-30	1.0E-10	1.0E+10	1E-30	1.0E-10	1.0E+10	1E-30	1.0E-10	1.0E+10	1E-30	1.0E-10
37	0.000000000056	1.0E+10	100000000000	1E-30	3.4262881978501E-11	1.0E+10	1E-30	1.0E+10	9.36141382946438E-02	1E-30	3.9531611236113E-11	1.81111300754589	1E-30	4.95987997669405E-11	0.167182653594421	5.33748837716645E-10	1.15126874885411E-11	0.729171230099875	6.93629063244426E-13	5.05446425936163E-10	239.627186803387	1.0E+10	1E-30	1.0E-10	1.0E+10	1E-30	1.0E-10	1.0E+10	1E-30	1.0E-10	1.0E+10	1E-30	1.0E-10	1.0E+10	1E-30	1.0E-10	1.0E+10	1E-30	1.0E-10	1.0E+10	1E-30	1.0E-10	1.0E+10	1E-30	1.0E-10	1.0E+10	1E-30	1.0E-10	1.0E+10	1E-30	1.0E-10	1.0E+10	1E-30	1.0E-10
38	0.000000000068	1.0E+10	100000000000	1E-30	4.66627150398496E-12	1.0E+10	1E-30	1.0E+10	0.14	1E-30	7.83710688902688E-11	2.96091427296334	1E-30	7.77853188291635E-13	4.78572028962714E-03	8.28098852010775E-10	9.34258814731357E-12	0.568841717338578	2.34368368963436E-12	1.36387666791036E-10	60.9379240772534	7.4522859968773E-13	3.40997015567163E-10	100000	1.0E+10	1E-30	1.0E-10	1.0E+10	1E-30	1.0E-10	1.0E+10	1E-30	1.0E-10	1.0E+10	1E-30	1.0E-10	1.0E+10	1E-30	1.0E-10	1.0E+10	1E-30	1.0E-10	1.0E+10	1E-30	1.0E-10	1.0E+10	1E-30	1.0E-10	1.0E+10	1E-30	1.0E-10	1.0E+10	1E-30	1.0E-10
39	0.000000000068	1.0E+10	100000000000	1E-30	7.56403624051645E-11	1.0E+10	1E-30	1.0E+10	9.02515090799946E-02	1E-30	3.55293531939586E-11	0.113535551094736	3.35283494510275E-09	2.17144669115835E-12	0.10963933204635	8.09102253923279E-11	2.25615376129678E-11	1.06356076056305	2.02185652749128E-12	1.62406666270541E-10	56.8876536850599	6.89506225286412E-13	0.00000000028	31622776.6016838	1.0E+10	1E-30	1.0E-10	1.0E+10	1E-30	1.0E-10	1.0E+10	1E-30	1.0E-10	1.0E+10	1E-30	1.0E-10	1.0E+10	1E-30	1.0E-10	1.0E+10	1E-30	1.0E-10	1.0E+10	1E-30	1.0E-10	1.0E+10	1E-30	1.0E-10	1.0E+10	1E-30	1.0E-10	1.0E+10	1E-30	1.0E-10
40	0.000000000082	1.0E+10	100000000000	1E-30	1.10779445450235E-11	1.0E+10	1E-30	1.0E+10	8.60234846547016E-02	1E-30	3.5864388808563E-11	0.101050929493696	6.42753467441165E-10	1.49992129260293E-11	0.718783014020596	1.83382828821504E-10	1.41974782339117E-11	0.84770635202758	8.69460295739161E-13	3.24137347290796E-10	100000	1.1013927121943E-12	2.00844624880248E-10	23.9177968410275	1.0E+10	1E-30	1.0E-10	1.0E+10	1E-30	1.0E-10	1.0E+10	1E-30	1.0E-10	1.0E+10	1E-30	1.0E-10	1.0E+10	1E-30	1.0E-10	1.0E+10	1E-30	1.0E-10	1.0E+10	1E-30	1.0E-10	1.0E+10	1E-30	1.0E-10	1.0E+10	1E-30	1.0E-10	1.0E+10	1E-30	1.0E-10
41	0.000000000082	1.0E+10	100000000000	1E-30	1.10779445450235E-11	1.0E+10	1E-30	1.0E+10	8.60234846547016E-02	1E-30	3.5864388808563E-11	0.101050929493696	6.42753467441165E-10	1.49992129260293E-11	0.718783014020596	1.83382828821504E-10	1.41974782339117E-11	0.84770635202758	8.69460295739161E-13	3.24137347290796E-10	100000	1.1013927121943E-12	2.00844624880248E-10	23.9177968410275	1.0E+10	1E-30	1.0E-10	1.0E+10	1E-30	1.0E-10	1.0E+10	1E-30	1.0E-10	1.0E+10	1E-30	1.0E-10	1.0E+10	1E-30	1.0E-10	1.0E+10	1E-30	1.0E-10	1.0E+10	1E-30	1.0E-10	1.0E+10	1E-30	1.0E-10	1.0E+10	1E-30	1.0E-10	1.0E+10	1E-30	1.0E-10
42	1.0E-10	1.0E+10	100000000000	1E-30	3.15478672240097E-11	1.0E+10	1E-30	1.0E+10	0.12	1E-30	1.71450628616097E-11	8.03016968198855E-02	1.13559756637168E-09	7.23895900850272E-12	0.276738845670991	1.01382466512145E-10	2.88213788736519E-11	1.49990928591659	1.60867289593816E-12	1.77272782167943E-10	42.5333454116634	7.24996513779003E-13	3.50513034999607E-10	100000	1.0E+10	1E-30	1.0E-10	1.0E+10	1E-30	1.0E-10	1.0E+10	1E-30	1.0E-10	1.0E+10	1E-30	1.0E-10	1.0E+10	1E-30	1.0E-10	1.0E+10	1E-30	1.0E-10	1.0E+10	1E-30	1.0E-10	1.0E+10	1E-30	1.0E-10	1.0E+10	1E-30	1.0E-10	1.0E+10	1E-30	1.0E-10
43	1.0E-10	1.0E+10	100000000000	1E-30	1.09388081197478E-11	1.0E+10	1E-30	1.0E+10	8.99380262194617E-02	1E-30	4.29370025945756E-11	0.157362647694313	1.02940388491553E-10	2.90297804268921E-11	1.36664078728167	3.4820095431859E-12	9.42832212685703E-11	16.16248494028	5.94337223847915E-13	4.37529318608791E-10	100000	1.0E+10	1E-30	1.0E-10	1.0E+10	1E-30	1.0E-10	1.0E+10	1E-30	1.0E-10	1.0E+10	1E-30	1.0E-10	1.0E+10	1E-30	1.0E-10	1.0E+10	1E-30	1.0E-10	1.0E+10	1E-30	1.0E-10	1.0E+10	1E-30	1.0E-10	1.0E+10	1E-30	1.0E-10	1.0E+10	1E-30	1.0E-10	1.0E+10	1E-30	1.0E-10
44	0.00000000012	1.0E+10	100000000000	1E-30	7.23600231112477E-12	1.0E+10	1E-30	1.0E+10	9.14136678303886E-02	1E-30	7.97943027411961E-11	4.50662144214862	1E-30	2.32881896781857E-11	9.32950921217396E-02	1.81684478465418E-09	6.05409688081744E-12	0.290908087316059	1.59239958575492E-10	2.46964003913698E-11	1.36715311106631	1.01134504845985E-12	4.99009708471778E-10	352.538408611725	1.0E+10	1E-30	1.0E-10	1.0E+10	1E-30	1.0E-10	1.0E+10	1E-30	1.0E-10	1.0E+10	1E-30	1.0E-10	1.0E+10	1E-30	1.0E-10	1.0E+10	1E-30	1.0E-10	1.0E+10	1E-30	1.0E-10	1.0E+10	1E-30	1.0E-10	1.0E+10	1E-30	1.0E-10	1.0E+10	1E-30	1.0E-10
45	0.00000000012	1.0E+10	100000000000	1E-30	7.23600231112477E-12	1.0E+10	1E-30	1.0E+10	9.14136678303886E-02	1E-30	7.97943027411961E-11	4.50662144214862	1E-30	2.32881896781857E-11	9.32950921217396E-02	1.81684478465418E-09	6.05409688081744E-12	0.290908087316059	1.59239958575492E-10	2.46964003913698E-11	1.36715311106631	1.01134504845985E-12	4.99009708471778E-10	352.538408611725	1.0E+10	1E-30	1.0E-10	1.0E+10	1E-30	1.0E-10	1.0E+10	1E-30	1.0E-10	1.0E+10	1E-30	1.0E-10	1.0E+10	1E-30	1.0E-10	1.0E+10	1E-30	1.0E-10	1.0E+10	1E-30	1.0E-10	1.0E+10	1E-30	1.0E-10	1.0E+10	1E-30	1.0E-10	1.0E+10	1E-30	1.0E-10
46	0.00000000015	1.0E+10	100000000000	1E-30	5.42085816619369E-11	1.0E+10	1E-30	1.0E+10	0.085	1E-30	8.61232792308066E-11	1.86861655934787	1.87847078437885E-09	8.09081838932526E-12	0.386876076416823	2.92787810695709E-10	1.99510054393502E-11	1.07728185726719	6.83219475274144E-12	5.00844831383192E-11	11.7905510463352	6.74088150789088E-13	3.68403203834382E-10	100000	1.0E+10	1E-30	1.0E-10	1.0E+10	1E-30	1.0E-10	1.0E+10	1E-30	1.0E-10	1.0E+10	1E-30	1.0E-10	1.0E+10	1E-30	1.0E-10	1.0E+10	1E-30	1.0E-10	1.0E+10	1E-30	1.0E-10	1.0E+10	1E-30	1.0E-10	1.0E+10	1E-30	1.0E-10	1.0E+10	1E-30	1.0E-10
47	0.00000000015	1.0E+10	100000000000	1E-30	3.58152547298264E-12	1.0E+10	1E-30	1.0E+10	0.085	1E-30	8.47307594795346E-11	1.8723418280091	1.4859853040284E-09	9.97983027083764E-12	0.395688795005127	2.99363611946332E-10	1.93740860446096E-11	1.03764309825692	5.98503066312101E-12	5.74995717267508E-11	16.4772265922992	6.2521008322454E-13	3.97204461477481E-10	100000	1.0E+10	1E-30	1.0E-10	1.0E+10	1E-30	1.0E-10	1.0E+10	1E-30	1.0E-10	1.0E+10	1E-30	1.0E-10	1.0E+10	1E-30	1.0E-10	1.0E+10	1E-30	1.0E-10	1.0E+10	1E-30	1.0E-10	1.0E+10	1E-30	1.0E-10	1.0E+10	1E-30	1.0E-10	1.0E+10	1E-30	1.0E-10
48	0.00000000018	1.0E+10	100000000000	1E-30	0.000000000001	1.0E+10	1E-30	1.0E+10	0.09	1E-30	9.57245239407722E-11	3.60872953416853	9.40624377379821E-13	0.000000000412	558.700482830196	3.09739617203784E-10	2.55233363695663E-11	1.20857554637111	1.36905214221287E-09	1.3990221594178E-11	0.554838719478033	1.0E+10	1E-30	1.0E-10	1.0E+10	1E-30	1.0E-10	1.0E+10	1E-30	1.0E-10	1.0E+10	1E-30	1.0E-10	1.0E+10	1E-30	1.0E-10	1.0E+10	1E-30	1.0E-10	1.0E+10	1E-30	1.0E-10	1.0E+10	1E-30	1.0E-10	1.0E+10	1E-30	1.0E-10	1.0E+10	1E-30	1.0E-10	1.0E+10	1E-30	1.0E-10
49	0.00000000018	1.0E+10	100000000000	1E-30	0.000000000001	1.0E+10	1E-30	1.0E+10	0.09	1E-30	9.57245239407722E-11	3.60872953416853	9.40624377379821E-13	0.000000000412	558.700482830196	3.09739617203784E-10	2.55233363695663E-11	1.20857554637111	1.36905214221287E-09	1.3990221594178E-11	0.554838719478033	1.0E+10	1E-30	1.0E-10	1.0E+10	1E-30	1.0E-10	1.0E+10	1E-30	1.0E-10	1.0E+10	1E-30	1.0E-10	1.0E+10	1E-30	1.0E-10	1.0E+10	1E-30	1.0E-10	1.0E+10	1E-30	1.0E-10	1.0E+10	1E-30	1.0E-10	1.0E+10	1E-30	1.0E-10	1.0E+10	1E-30	1.0E-10	1.0E+10	1E-30	1.0E-10
50	0.00000000022	1.0E+10	100000000000	1E-30	1.62617370435106E-10	1.0E+10	1E-30	1.0E+10	9.46199652328993E-02	1E-30	5.00198714270147E-11	0.898284164562545	1E-30	1.16488306433431E-11	3.50017184607574E-02	3.18890310090445E-09	5.9991676810734E-12	0.203907076792812	2.9822068900205E-10	2.40673978538416E-11	0.874742929244537	4.97656163877696E-12	5.35253635030084E-11	6.35083387738858	7.55718420875731E-13	3.28609476171986E-10	100000	1.0E+10	1E-30	1.0E-10	1.0E+10	1E-30	1.0E-10	1.0E+10	1E-30	1.0E-10	1.0E+10	1E-30	1.0E-10	1.0E+10	1E-30	1.0E-10	1.0E+10	1E-30	1.0E-10	1.0E+10	1E-30	1.0E-10	1.0E+10	1E-30	1.0E-10	1.0E+10	1E-30	1.0E-10
51	0.00000000022	1.0E+10	100000000000	1E-30	1.79501484396978E-11	1.0E+10	1E-30	1.0E+10	0.09	1E-30	6.40412312139601E-11	1.28262071605016	2.17428185089736E-09	8.82931962085797E-12	0.22024596284699	3.09294684534041E-10	2.29252489531785E-11	0.803844834987024	6.02813092706351E-10	1.60656185275911E-12	0.578629097639425	2.99741504305655E-12	1.18791138772545E-10	54.3618643244841	7.69133249681347E-13	3.62275116832782E-10	100000	1.0E+10	1E-30	1.0E-10	1.0E+10	1E-30	1.0E-10	1.0E+10	1E-30	1.0E-10	1.0E+10	1E-30	1.0E-10	1.0E+10	1E-30	1.0E-10	1.0E+10	1E-30	1.0E-10	1.0E+10	1E-30	1.0E-10	1.0E+10	1E-30	1.0E-10	1.0E+10	1E-30	1.0E-10
52	0.00000000027	1.0E+10	100000000000	1E-30	0.00000000001	1.0E+10	1E-30	1.0E+10	0.09	1E-30	7.38457553046904E-11	1.85594625891204	1.00523063367749E-12	4.79400558013665E-10	714.165965342164	3.98219712377438E-10	2.7531529118118E-11	0.797724502218071	1.72099720898785E-09	1.63084575190743E-11	0.329562052787156	1.0E+10	1E-30	1.0E-10	1.0E+10	1E-30	1.0E-10	1.0E+10	1E-30	1.0E-10	1.0E+10	1E-30	1.0E-10	1.0E+10	1E-30	1.0E-10	1.0E+10	1E-30	1.0E-10	1.0E+10	1E-30	1.0E-10	1.0E+10	1E-30	1.0E-10	1.0E+10	1E-30	1.0E-10	1.0E+10	1E-30	1.0E-10	1.0E+10	1E-30	1.0E-10
53	0.00000000027	1.0E+10	100000000000	1E-30	0.00000000001	1.0E+10	1E-30	1.0E+10	0.09	1E-30	7.38457553046904E-11	1.85594625891204	1.00523063367749E-12	4.79400558013665E-10	714.165965342164	3.98219712377438E-10	2.7531529118118E-11	0.797724502218071	1.72099720898785E-09	1.63084575190743E-11	0.329562052787156	1.0E+10	1E-30	1.0E-10	1.0E+10	1E-30	1.0E-10	1.0E+10	1E-30	1.0E-10	1.0E+10	1E-30	1.0E-10	1.0E+10	1E-30	1.0E-10	1.0E+10	1E-30	1.0E-10	1.0E+10	1E-30	1.0E-10	1.0E+10	1E-30	1.0E-10	1.0E+10	1E-30	1.0E-10	1.0E+10	1E-30	1.0E-10	1.0E+10	1E-30	1.0E-10
54	0.00000000033	1.0E+10	100000000000	1E-30	0.00000000009	1.0E+10	1E-30	1.0E+10	7.67711541844769E-02	1E-30	1.48847563815915E-11	0.321960842001914	2.75595956654632E-09	1.30512368148018E-11	0.371642540894157	4.2887305772486E-10	3.33418349720031E-11	0.956913377607868	1.50919359769293E-10	2.20133899771028E-11	0.479317529767439	4.8275942339257E-10	2.06280589809113E-12	0.485434175009557	2.99013772705866E-12	1.07304163736028E-10	33.7269981401283	8.92735385982877E-13	2.78174516566388E-10	100000	1.0E+10	1E-30	1.0E-10	1.0E+10	1E-30	1.0E-10	1.0E+10	1E-30	1.0E-10	1.0E+10	1E-30	1.0E-10	1.0E+10	1E-30	1.0E-10	1.0E+10	1E-30	1.0E-10	1.0E+10	1E-30	1.0E-10	1.0E+10	1E-30	1.0E-10
55	0.00000000033	1.0E+10	100000000000	1E-30	1.0E-10	1.0E+10	1E-30	1.0E+10	7.48553995572944E-02	1E-30	3.20971963783738E-11	0.824977574850039	5.49595073234085E-10	2.59061463240251E-11	0.796485000991691	3.27477333261072E-10	1.16938687327414E-11	0.372332785555268	2.08765004156666E-11	1.70446781504616E-11	2.2133045583085	6.97056615902128E-13	3.402295556757E-10	100000	1.0E+10	1E-30	1.0E-10	1.0E+10	1E-30	1.0E-10	1.0E+10	1E-30	1.0E-10	1.0E+10	1E-30	1.0E-10	1.0E+10	1E-30	1.0E-10	1.0E+10	1E-30	1.0E-10	1.0E+10	1E-30	1.0E-10	1.0E+10	1E-30	1.0E-10	1.0E+10	1E-30	1.0E-10	1.0E+10	1E-30	1.0E-10
56	0.00000000039	1.0E+10	100000000000	1E-30	0.00000000002	1.0E+10	1E-30	1.0E+10	0.06	1E-30	8.16955955868719E-11	4.26440962400721	7.55361435464844E-13	0.00000000033	1.0E+10	2.59204995929319E-11	1.48945318561151E-11	4.18773069542905	4.43065325536192E-10	1.22159331349174E-11	0.449016583782787	5.28404021791266E-10	3.32898360833973E-11	0.874015944572909	2.53592879070392E-09	2.06791936312291E-11	0.674002699321973	1.0E+10	1E-30	1.0E-10	1.0E+10	1E-30	1.0E-10	1.0E+10	1E-30	1.0E-10	1.0E+10	1E-30	1.0E-10	1.0E+10	1E-30	1.0E-10	1.0E+10	1E-30	1.0E-10	1.0E+10	1E-30	1.0E-10	1.0E+10	1E-30	1.0E-10	1.0E+10	1E-30	1.0E-10
57	0.00000000039	1.0E+10	100000000000	1E-30	0.00000000001	1.0E+10	1E-30	1.0E+10	0.05	1E-30	9.07031104089329E-11	1.22122382279335	6.15220981710117E-13	3.81228508003596E-10	1.0E+10	4.21892250110081E-11	9.62020956989789E-12	1.96919101748707	2.26092176040791E-09	2.34506040425609E-12	0.140787660925676	8.59049518953044E-10	2.04766813590413E-11	0.620685104505688	2.57722033680501E-09	2.03478770321153E-11	0.663204005421469	1.0E+10	1E-30	1.0E-10	1.0E+10	1E-30	1.0E-10	1.0E+10	1E-30	1.0E-10	1.0E+10	1E-30	1.0E-10	1.0E+10	1E-30	1.0E-10	1.0E+10	1E-30	1.0E-10	1.0E+10	1E-30	1.0E-10	1.0E+10	1E-30	1.0E-10	1.0E+10	1E-30	1.0E-10
58	0.00000000047	1.0E+10	100000000000	1E-30	0.000000000039	1.0E+10	1E-30	1.0E+10	6.33209230298791E-02	1E-30	3.92677669357535E-11	1.04073630577717	3.06075355531238E-09	1.99966234596063E-11	0.61612373524827	7.32948643491018E-10	2.83572967066581E-11	0.731697376435211	4.6388545238955E-10	1.27265420563324E-11	0.403424889827606	7.61114439065786E-12	3.9545062135831E-11	8.00292811483046	8.13162151488279E-13	2.85011861889635E-10	100000	1.0E+10	1E-30	1.0E-10	1.0E+10	1E-30	1.0E-10	1.0E+10	1E-30	1.0E-10	1.0E+10	1E-30	1.0E-10	1.0E+10	1E-30	1.0E-10	1.0E+10	1E-30	1.0E-10	1.0E+10	1E-30	1.0E-10	1.0E+10	1E-30	1.0E-10	1.0E+10	1E-30	1.0E-10
59	0.00000000047	1.0E+10	100000000000	1E-30	0.000000000105	1.0E+10	1E-30	1.0E+10	5.72525820858613E-02	1E-30	2.47261755899737E-11	0.508422350610034	2.92408307426668E-09	2.152422812063E-11	0.676589648997622	8.44250876090069E-10	2.40312664278491E-11	0.730928345140844	3.51568505065982E-10	1.74690659537582E-11	0.436214603902495	3.96380146845042E-12	6.72012139938981E-11	7.97348618492055	1.06479299959833E-12	2.33224893957016E-10	100000	1.0E+10	1E-30	1.0E-10	1.0E+10	1E-30	1.0E-10	1.0E+10	1E-30	1.0E-10	1.0E+10	1E-30	1.0E-10	1.0E+10	1E-30	1.0E-10	1.0E+10	1E-30	1.0E-10	1.0E+10	1E-30	1.0E-10	1.0E+10	1E-30	1.0E-10	1.0E+10	1E-30	1.0E-10
60	0.00000000056	1.0E+10	100000000000	1E-30	0.00000000005	1.0E+10	1E-30	1.0E+10	0.045	1E-30	6.02559672221474E-11	1.2969043547901	9.3958013389418E-13	2.64305539739587E-10	1.0E+10	1.9235732878064E-11	1.8226096877346E-11	4.33966895163136	5.16002697594393E-10	1.60292127746377E-11	0.335799652910876	9.36440920401902E-10	2.93506290813468E-11	0.803094796062419	2.83522473869794E-09	2.65580868323607E-11	0.676625541737262	1.0E+10	1E-30	1.0E-10	1.0E+10	1E-30	1.0E-10	1.0E+10	1E-30	1.0E-10	1.0E+10	1E-30	1.0E-10	1.0E+10	1E-30	1.0E-10	1.0E+10	1E-30	1.0E-10	1.0E+10	1E-30	1.0E-10	1.0E+10	1E-30	1.0E-10	1.0E+10	1E-30	1.0E-10
61	0.00000000056	1.0E+10	100000000000	1E-30	0.00000000005	1.0E+10	1E-30	1.0E+10	0.045	1E-30	6.02559672221474E-11	1.2969043547901	9.3958013389418E-13	2.64305539739587E-10	1.0E+10	1.9235732878064E-11	1.8226096877346E-11	4.33966895163136	5.16002697594393E-10	1.60292127746377E-11	0.335799652910876	9.36440920401902E-10	2.93506290813468E-11	0.803094796062419	2.83522473869794E-09	2.65580868323607E-11	0.676625541737262	1.0E+10	1E-30	1.0E-10	1.0E+10	1E-30	1.0E-10	1.0E+10	1E-30	1.0E-10	1.0E+10	1E-30	1.0E-10	1.0E+10	1E-30	1.0E-10	1.0E+10	1E-30	1.0E-10	1.0E+10	1E-30	1.0E-10	1.0E+10	1E-30	1.0E-10	1.0E+10	1E-30	1.0E-10
62	0.00000000068	1.0E+10	100000000000	1E-30	1.93878486297437E-10	1.0E+10	1E-30	1.0E+10	0.06	1E-30	4.77782702717229E-11	6.27501519671535	1E-30	4.96276757393105E-11	0.739201945010611	4.85818937780156E-09	1.87353918279054E-11	0.383777449729203	1.02663567727633E-09	3.01002698474952E-11	0.569486716362738	1.38353293656511E-09	6.97715916532647E-12	0.233144016260864	5.10187199894988E-10	2.01716230440393E-12	0.864728234180061	1.68166048379926E-12	1.6955155314774E-10	100000	1.0E+10	1E-30	1.0E-10	1.0E+10	1E-30	1.0E-10	1.0E+10	1E-30	1.0E-10	1.0E+10	1E-30	1.0E-10	1.0E+10	1E-30	1.0E-10	1.0E+10	1E-30	1.0E-10	1.0E+10	1E-30	1.0E-10	1.0E+10	1E-30	1.0E-10
63	0.00000000068	1.0E+10	100000000000	1E-30	8.66328576828115E-11	1.0E+10	1E-30	1.0E+10	0.054535189498522	1E-30	3.14316032177254E-11	1.31679062357651	1E-30	6.44077468429479E-11	0.401560283348284	6.91525381514914E-09	1.31030792582255E-11	0.349598588635074	1.88966686920274E-09	1.69404535742226E-11	0.475461880307329	2.85073408718993E-11	1.1744802093974E-11	5.69779293461985	7.27370229140685E-13	3.18628463922229E-10	100000	1.0E+10	1E-30	1.0E-10	1.0E+10	1E-30	1.0E-10	1.0E+10	1E-30	1.0E-10	1.0E+10	1E-30	1.0E-10	1.0E+10	1E-30	1.0E-10	1.0E+10	1E-30	1.0E-10	1.0E+10	1E-30	1.0E-10	1.0E+10	1E-30	1.0E-10	1.0E+10	1E-30	1.0E-10
64	0.00000000082	1.0E+10	100000000000	1E-30	0.000000000045	1.0E+10	1E-30	1.0E+10	0.033	1E-30	9.07659576126929E-11	0.712874164080197	0.0000000000005	0.00000000033	1.0E+10	3.10969893180493E-11	1.27274659792599E-11	1.52952254396422	2.27370584736688E-09	6.24994860563286E-12	0.174995089268262	1.64550903956009E-09	2.53017631207043E-11	0.571829026670391	6.38506232439271E-09	1.75827946211273E-11	0.485049167184735	1.0E+10	1E-30	1.0E-10	1.0E+10	1E-30	1.0E-10	1.0E+10	1E-30	1.0E-10	1.0E+10	1E-30	1.0E-10	1.0E+10	1E-30	1.0E-10	1.0E+10	1E-30	1.0E-10	1.0E+10	1E-30	1.0E-10	1.0E+10	1E-30	1.0E-10	1.0E+10	1E-30	1.0E-10
65	0.00000000082	1.0E+10	100000000000	1E-30	0.000000000045	1.0E+10	1E-30	1.0E+10	0.033	1E-30	9.07659576126929E-11	0.712874164080197	0.0000000000005	0.00000000033	1.0E+10	3.10969893180493E-11	1.27274659792599E-11	1.52952254396422	2.27370584736688E-09	6.24994860563286E-12	0.174995089268262	1.64550903956009E-09	2.53017631207043E-11	0.571829026670391	6.38506232439271E-09	1.75827946211273E-11	0.485049167184735	1.0E+10	1E-30	1.0E-10	1.0E+10	1E-30	1.0E-10	1.0E+10	1E-30	1.0E-10	1.0E+10	1E-30	1.0E-10	1.0E+10	1E-30	1.0E-10	1.0E+10	1E-30	1.0E-10	1.0E+10	1E-30	1.0E-10	1.0E+10	1E-30	1.0E-10	1.0E+10	1E-30	1.0E-10
66	1.00183094908985E-09	1.0E+10	100000000000	1E-30	1.04820814622392E-10	1.0E+10	1E-30	1.0E+10	1.96506884179278E-02	1E-30	6.73222826203768E-11	0.539491238353057	1E-30	7.18478193802812E-11	1.79880549576566E-02	5.82558509201938E-09	2.39530259130784E-11	0.54244469004498	2.45408312150244E-09	2.15821541115507E-11	0.56817719134756	1.40128660046037E-09	1.29276521340845E-11	0.260324410698978	2.0948690810766E-11	1.67357633042237E-11	4.39580213788831	1.12100446970421E-12	2.06743920365464E-10	100000	1.0E+10	1E-30	1.0E-10	1.0E+10	1E-30	1.0E-10	1.0E+10	1E-30	1.0E-10	1.0E+10	1E-30	1.0E-10	1.0E+10	1E-30	1.0E-10	1.0E+10	1E-30	1.0E-10	1.0E+10	1E-30	1.0E-10	1.0E+10	1E-30	1.0E-10
67	0.000000001	1.0E+10	1.0E+10	1E-30	0.00000000016	1.0E+10	1E-30	1.0E+10	0.25625962727721	1.27550859481393E-07	1.0E+10	12.5905726463622	6.65928927321745E-08	1.0E+10	3.49376919262418	4.52092376684313E-08	1.0E+10	0.886386113123742	2.90899766715399E-08	1.0E+10	0.248873640544591	1.0331587625945E-08	1.0E+10	0.159829567838331	1.11739294511464E-11	2.8914672360888E-10	5.21736907396474	2.34366855980287E-12	1.60727895785641E-10	17.9007076164129	1.0E+10	1E-30	1.0E-10	1.0E+10	1E-30	1.0E-10	1.0E+10	1E-30	1.0E-10	1.0E+10	1E-30	1.0E-10	1.0E+10	1E-30	1.0E-10	1.0E+10	1E-30	1.0E-10	1.0E+10	1E-30	1.0E-10	1.0E+10	1E-30	1.0E-10
68	1.02478497461294E-09	1.0E+10	100000000000	1E-30	2.11009398642991E-10	1.0E+10	1E-30	1.0E+10	2.19131082250637E-02	1E-30	4.69193107735072E-11	0.485055483642987	1E-30	5.08842106778587E-11	0.016278050827968	4.28070125119793E-09	3.31593203628779E-11	0.556066691547296	1.78680305304146E-09	3.08252081982294E-11	0.62046363555503	8.50056526685011E-09	3.78667937296037E-12	0.129954876511647	9.53979118932659E-10	1.8144118546292E-11	0.347362244077383	4.4039130901262E-12	6.64272846831408E-11	100000	5.31609127380615E-12	4.70866567875357E-11	3.34324120990733	1.0E+10	1E-30	1.0E-10	1.0E+10	1E-30	1.0E-10	1.0E+10	1E-30	1.0E-10	1.0E+10	1E-30	1.0E-10	1.0E+10	1E-30	1.0E-10	1.0E+10	1E-30	1.0E-10	1.0E+10	1E-30	1.0E-10
69	0.000000001	1.0E+10	1.0E+10	1E-30	0.00000000016	1.0E+10	1E-30	1.0E+10	0.25625962727721	1.27550859481393E-07	1.0E+10	12.5905726463622	6.65928927321745E-08	1.0E+10	3.49376919262418	4.52092376684313E-08	1.0E+10	0.886386113123742	2.90899766715399E-08	1.0E+10	0.248873640544591	1.0331587625945E-08	1.0E+10	0.159829567838331	1.11739294511464E-11	2.8914672360888E-10	5.21736907396474	2.34366855980287E-12	1.60727895785641E-10	17.9007076164129	1.0E+10	1E-30	1.0E-10	1.0E+10	1E-30	1.0E-10	1.0E+10	1E-30	1.0E-10	1.0E+10	1E-30	1.0E-10	1.0E+10	1E-30	1.0E-10	1.0E+10	1E-30	1.0E-10	1.0E+10	1E-30	1.0E-10	1.0E+10	1E-30	1.0E-10
70	0.000000001	1.0E+10	1.0E+10	1E-30	0.00000000016	1.0E+10	1E-30	1.0E+10	0.25625962727721	1.27550859481393E-07	1.0E+10	12.5905726463622	6.65928927321745E-08	1.0E+10	3.49376919262418	4.52092376684313E-08	1.0E+10	0.886386113123742	2.90899766715399E-08	1.0E+10	0.248873640544591	1.0331587625945E-08	1.0E+10	0.159829567838331	1.11739294511464E-11	2.8914672360888E-10	5.21736907396474	2.34366855980287E-12	1.60727895785641E-10	17.9007076164129	1.0E+10	1E-30	1.0E-10	1.0E+10	1E-30	1.0E-10	1.0E+10	1E-30	1.0E-10	1.0E+10	1E-30	1.0E-10	1.0E+10	1E-30	1.0E-10	1.0E+10	1E-30	1.0E-10	1.0E+10	1E-30	1.0E-10	1.0E+10	1E-30	1.0E-10
71	9.86514660402679E-10	1.0E+10	1.0E+10	1E-30	1.65203956492704E-10	1.0E+10	1E-30	1.0E+10	0.233223267887609	1.60185218647347E-08	1.0E+10	149.564088219818	5.50635862101159E-08	1.0E+10	1.779219794156	2.99268950456093E-07	1.0E+10	1.27443711929036	4.57897065242333E-08	1.0E+10	0.315132493867193	1.37635669731281E-08	1.0E+10	0.24483830277832	1E-30	3.99020100075912E-11	0.501423446013259	6.54253301169795E-09	1.19032205327165E-11	0.146805606267555	9.13901584532103E-10	3.05411868640236E-11	0.308861333314765	6.97293496466883E-12	1.03473141393361E-10	14.2838825536533	3.04414510890047E-12	1.21409046636865E-10	22.1231146816923	1.0E+10	1E-30	1.0E-10	1.0E+10	1E-30	1.0E-10	1.0E+10	1E-30	1.0E-10	1.0E+10	1E-30	1.0E-10	1.0E+10	1E-30	1.0E-10
72	1.18011899576335E-09	1.0E+10	100000000000	1E-30	9.16801036873662E-11	1.0E+10	1E-30	1.0E+10	0.012	1E-30	5.38751188476877E-11	0.453466113179634	1E-30	8.87561252223093E-11	2.07183431349145E-02	1E-30	1.18700983332696E-11	1.38061222372678E-02	1.76966802408453E-08	7.31304643249282E-12	0.171321261048047	1.64657179114305E-09	3.30959410286994E-11	0.601363379781585	1.00694916320752E-12	3.58288147559256E-10	499.445460040934	1.0E+10	1E-30	1.0E-10	1.0E+10	1E-30	1.0E-10	1.0E+10	1E-30	1.0E-10	1.0E+10	1E-30	1.0E-10	1.0E+10	1E-30	1.0E-10	1.0E+10	1E-30	1.0E-10	1.0E+10	1E-30	1.0E-10	1.0E+10	1E-30	1.0E-10	1.0E+10	1E-30	1.0E-10
73	1.18011899576335E-09	1.0E+10	100000000000	1E-30	9.16801036873662E-11	1.0E+10	1E-30	1.0E+10	0.012	1E-30	5.38751188476877E-11	0.453466113179634	1E-30	8.87561252223093E-11	2.07183431349145E-02	1E-30	1.18700983332696E-11	1.38061222372678E-02	1.76966802408453E-08	7.31304643249282E-12	0.171321261048047	1.64657179114305E-09	3.30959410286994E-11	0.601363379781585	1.00694916320752E-12	3.58288147559256E-10	499.445460040934	1.0E+10	1E-30	1.0E-10	1.0E+10	1E-30	1.0E-10	1.0E+10	1E-30	1.0E-10	1.0E+10	1E-30	1.0E-10	1.0E+10	1E-30	1.0E-10	1.0E+10	1E-30	1.0E-10	1.0E+10	1E-30	1.0E-10	1.0E+10	1E-30	1.0E-10	1.0E+10	1E-30	1.0E-10
74	1.46825878698666E-09	1.0E+10	100000000000	1E-30	2.68797134394968E-11	1.0E+10	1E-30	1.0E+10	0.015	1E-30	5.04065787531185E-11	0.379980448333101	1E-30	1.22522766770368E-10	2.76163653293906E-02	1.07414055867088E-08	1.58956211118595E-11	0.241953518803793	1.83618802349674E-09	4.1460296380779E-11	0.595961397019392	2.62898615249475E-09	9.5160256042792E-12	0.188408001879178	7.17650787530356E-13	3.25558514004304E-10	100000	2.36634419799878E-12	6.81176798484584E-11	6.43831486307871	1.0E+10	1E-30	1.0E-10	1.0E+10	1E-30	1.0E-10	1.0E+10	1E-30	1.0E-10	1.0E+10	1E-30	1.0E-10	1.0E+10	1E-30	1.0E-10	1.0E+10	1E-30	1.0E-10	1.0E+10	1E-30	1.0E-10	1.0E+10	1E-30	1.0E-10
75	1.54620441517428E-09	1.0E+10	100000000000	1E-30	1.64934395125228E-10	1.0E+10	1E-30	1.0E+10	0.017	1E-30	5.16258194476247E-11	0.50704394339583	1E-30	1.12592700590633E-10	2.91936107842793E-02	9.04289856696568E-09	2.01349843426518E-11	0.237916962908351	2.76869358678827E-09	3.0271571012839E-11	0.42257128833908	1.1414033178605E-09	2.10445637415012E-11	0.173856233772287	1.83185727515711E-11	2.03401836511774E-11	1.02756012595412	1.20101374299292E-12	2.2747643857363E-10	100000	1.0E+10	1E-30	1.0E-10	1.0E+10	1E-30	1.0E-10	1.0E+10	1E-30	1.0E-10	1.0E+10	1E-30	1.0E-10	1.0E+10	1E-30	1.0E-10	1.0E+10	1E-30	1.0E-10	1.0E+10	1E-30	1.0E-10	1.0E+10	1E-30	1.0E-10
76	1.47681830563927E-09	1.0E+10	1.0E+10	1E-30	2.39948503677547E-10	1.0E+10	1E-30	1.0E+10	0.205804261523375	3.6943414678793E-08	1.0E+10	61.4197056530378	9.11240196762753E-08	1.0E+10	1.66627701518493	1.12093881889526E-07	1.0E+10	0.24135644118351	3.10311651688253E-08	1.0E+10	0.198065255466213	1E-30	4.99518166908065E-11	0.375735652834304	1.77432703617952E-09	1.98554742010911E-11	0.156585738211175	1.45320459817085E-11	1.89689328956802E-10	4.30084188516186	4.00694211369273E-12	9.39696703848135E-11	7.7820756439431	1.0E+10	1E-30	1.0E-10	1.0E+10	1E-30	1.0E-10	1.0E+10	1E-30	1.0E-10	1.0E+10	1E-30	1.0E-10	1.0E+10	1E-30	1.0E-10	1.0E+10	1E-30	1.0E-10	1.0E+10	1E-30	1.0E-10
77	1.47681830563927E-09	1.0E+10	1.0E+10	1E-30	2.39948503677547E-10	1.0E+10	1E-30	1.0E+10	0.205804261523375	3.6943414678793E-08	1.0E+10	61.4197056530378	9.11240196762753E-08	1.0E+10	1.66627701518493	1.12093881889526E-07	1.0E+10	0.24135644118351	3.10311651688253E-08	1.0E+10	0.198065255466213	1E-30	4.99518166908065E-11	0.375735652834304	1.77432703617952E-09	1.98554742010911E-11	0.156585738211175	1.45320459817085E-11	1.89689328956802E-10	4.30084188516186	4.00694211369273E-12	9.39696703848135E-11	7.7820756439431	1.0E+10	1E-30	1.0E-10	1.0E+10	1E-30	1.0E-10	1.0E+10	1E-30	1.0E-10	1.0E+10	1E-30	1.0E-10	1.0E+10	1E-30	1.0E-10	1.0E+10	1E-30	1.0E-10	1.0E+10	1E-30	1.0E-10
78	1.51842669694673E-09	1.0E+10	1.0E+10	1E-30	1.87975776295679E-10	1.0E+10	1E-30	1.0E+10	0.211433395813649	3.00812037641253E-08	1.0E+10	85.8074350265373	1.10912113404016E-07	1.0E+10	1.52590653638516	7.11466599829574E-08	1.0E+10	0.595833938380087	2.67359945608209E-08	1.0E+10	0.186895408636795	1E-30	8.04049275927797E-11	0.844858247028071	1.15093327692846E-08	1.44718713454333E-11	0.100071044737356	5.28867164738019E-12	1.49833748225067E-10	14.4002348120003	5.27744717873394E-12	7.34370965768591E-11	14.8219590291781	1.0E+10	1E-30	1.0E-10	1.0E+10	1E-30	1.0E-10	1.0E+10	1E-30	1.0E-10	1.0E+10	1E-30	1.0E-10	1.0E+10	1E-30	1.0E-10	1.0E+10	1E-30	1.0E-10	1.0E+10	1E-30	1.0E-10
79	1.47681830563927E-09	1.0E+10	1.0E+10	1E-30	2.39948503677547E-10	1.0E+10	1E-30	1.0E+10	0.205804261523375	3.6943414678793E-08	1.0E+10	61.4197056530378	9.11240196762753E-08	1.0E+10	1.66627701518493	1.12093881889526E-07	1.0E+10	0.24135644118351	3.10311651688253E-08	1.0E+10	0.198065255466213	1E-30	4.99518166908065E-11	0.375735652834304	1.77432703617952E-09	1.98554742010911E-11	0.156585738211175	1.45320459817085E-11	1.89689328956802E-10	4.30084188516186	4.00694211369273E-12	9.39696703848135E-11	7.7820756439431	1.0E+10	1E-30	1.0E-10	1.0E+10	1E-30	1.0E-10	1.0E+10	1E-30	1.0E-10	1.0E+10	1E-30	1.0E-10	1.0E+10	1E-30	1.0E-10	1.0E+10	1E-30	1.0E-10	1.0E+10	1E-30	1.0E-10
80	1.80758272546474E-09	1.0E+10	100000000000	1E-30	1.98554773852694E-10	1.0E+10	1E-30	1.0E+10	2.05144553596546E-02	1E-30	5.18831756750567E-11	2.28881663204252E-02	1.64026058854367E-08	1.29010277000858E-11	0.180111687680688	3.02107692028495E-09	2.50420224684259E-11	0.36992864735611	8.33791619622677E-10	2.40479663152561E-11	0.223959848529261	8.65956722930165E-12	4.5490987685383E-11	0.881143954662253	9.60617330875805E-13	2.30642106156347E-10	100000	1.0E+10	1E-30	1.0E-10	1.0E+10	1E-30	1.0E-10	1.0E+10	1E-30	1.0E-10	1.0E+10	1E-30	1.0E-10	1.0E+10	1E-30	1.0E-10	1.0E+10	1E-30	1.0E-10	1.0E+10	1E-30	1.0E-10	1.0E+10	1E-30	1.0E-10	1.0E+10	1E-30	1.0E-10
81	2.23172162399694E-09	1.0E+10	100000000000	1E-30	1.98500853552649E-10	1.0E+10	1E-30	1.0E+10	1.55081577047275E-02	1E-30	5.13899848452754E-11	0.712909755021662	1E-30	6.80086885744402E-11	1.42922366094603E-02	1.14079557833332E-08	2.49828744544289E-11	0.26700633403342	4.715925822072E-09	2.23434078599286E-11	0.343196520972182	1.26416147402867E-09	2.41172391764969E-11	0.208646743525446	1.10143437618779E-10	2.64448487220072E-12	0.3791678527383	1.49033073840498E-12	1.70222535394263E-10	100000	1.0E+10	1E-30	1.0E-10	1.0E+10	1E-30	1.0E-10	1.0E+10	1E-30	1.0E-10	1.0E+10	1E-30	1.0E-10	1.0E+10	1E-30	1.0E-10	1.0E+10	1E-30	1.0E-10	1.0E+10	1E-30	1.0E-10	1.0E+10	1E-30	1.0E-10
82	2.21847045293251E-09	1.0E+10	1.0E+10	1E-30	0.000000000178	1.0E+10	1E-30	1.0E+10	0.150198192090726	1.73702033837602E-07	1.0E+10	7.68995802157644	1.15857823300545E-07	1.0E+10	1.45865106850643	8.06507272784936E-08	1.0E+10	0.281268168037209	3.70662592990932E-08	1.0E+10	9.36719502578486E-02	1.0339857087157E-08	1.48875497690752E-11	7.82055457607467E-02	2.59725467209773E-09	2.70908870973855E-11	0.175080408447861	1.87605406632041E-11	1.38068611202694E-10	2.45409940826989	1.75945792865905E-12	1.75567217227503E-10	19.1537344199902	1.0E+10	1E-30	1.0E-10	1.0E+10	1E-30	1.0E-10	1.0E+10	1E-30	1.0E-10	1.0E+10	1E-30	1.0E-10	1.0E+10	1E-30	1.0E-10	1.0E+10	1E-30	1.0E-10	1.0E+10	1E-30	1.0E-10
83	2.21847045293251E-09	1.0E+10	1.0E+10	1E-30	0.000000000178	1.0E+10	1E-30	1.0E+10	0.150198192090726	1.73702033837602E-07	1.0E+10	7.68995802157644	1.15857823300545E-07	1.0E+10	1.45865106850643	8.06507272784936E-08	1.0E+10	0.281268168037209	3.70662592990932E-08	1.0E+10	9.36719502578486E-02	1.0339857087157E-08	1.48875497690752E-11	7.82055457607467E-02	2.59725467209773E-09	2.70908870973855E-11	0.175080408447861	1.87605406632041E-11	1.38068611202694E-10	2.45409940826989	1.75945792865905E-12	1.75567217227503E-10	19.1537344199902	1.0E+10	1E-30	1.0E-10	1.0E+10	1E-30	1.0E-10	1.0E+10	1E-30	1.0E-10	1.0E+10	1E-30	1.0E-10	1.0E+10	1E-30	1.0E-10	1.0E+10	1E-30	1.0E-10	1.0E+10	1E-30	1.0E-10
84	2.21847045293251E-09	1.0E+10	1.0E+10	1E-30	0.000000000178	1.0E+10	1E-30	1.0E+10	0.150198192090726	1.73702033837602E-07	1.0E+10	7.68995802157644	1.15857823300545E-07	1.0E+10	1.45865106850643	8.06507272784936E-08	1.0E+10	0.281268168037209	3.70662592990932E-08	1.0E+10	9.36719502578486E-02	1.0339857087157E-08	1.48875497690752E-11	7.82055457607467E-02	2.59725467209773E-09	2.70908870973855E-11	0.175080408447861	1.87605406632041E-11	1.38068611202694E-10	2.45409940826989	1.75945792865905E-12	1.75567217227503E-10	19.1537344199902	1.0E+10	1E-30	1.0E-10	1.0E+10	1E-30	1.0E-10	1.0E+10	1E-30	1.0E-10	1.0E+10	1E-30	1.0E-10	1.0E+10	1E-30	1.0E-10	1.0E+10	1E-30	1.0E-10	1.0E+10	1E-30	1.0E-10
85	2.20362838113186E-09	1.0E+10	1.0E+10	1E-30	2.730295956041E-10	1.0E+10	1E-30	1.0E+10	0.159257456245742	6.91013503580647E-08	1.0E+10	30.4990713517321	1.49949743567498E-07	1.0E+10	1.22394688389378	1.25816575921863E-07	1.0E+10	0.266734919805583	4.73076916768978E-08	1.0E+10	0.126964195678342	1E-30	3.8653026992746E-11	0.231933444781827	1.67568852194717E-08	1.31298713850138E-11	0.064202209792526	3.69238322243281E-09	2.54309010779548E-11	0.167170666903644	5.43310769826572E-12	1.53614127749066E-10	12.0444174592988	7.637861548529E-12	4.98104984715074E-11	5.05667844431485	1.0E+10	1E-30	1.0E-10	1.0E+10	1E-30	1.0E-10	1.0E+10	1E-30	1.0E-10	1.0E+10	1E-30	1.0E-10	1.0E+10	1E-30	1.0E-10	1.0E+10	1E-30	1.0E-10
86	2.70664431927829E-09	1.0E+10	100000000000	1E-30	3.40504161948288E-10	1.0E+10	1E-30	1.0E+10	1.03551582105528E-02	1E-30	7.56493159405241E-11	0.362585149284042	1E-30	7.62276748961655E-11	1.77938268589321E-02	2.10652277297789E-08	1.57873746585238E-11	0.237193055157594	5.66534724351509E-09	2.66352944515571E-11	0.392448379345479	5.26464791776091E-09	9.28037375010989E-12	0.113425780764402	6.00174975692264E-12	5.16513072858955E-11	34.6009254492535	1.0E+10	1E-30	1.0E-10	1.0E+10	1E-30	1.0E-10	1.0E+10	1E-30	1.0E-10	1.0E+10	1E-30	1.0E-10	1.0E+10	1E-30	1.0E-10	1.0E+10	1E-30	1.0E-10	1.0E+10	1E-30	1.0E-10	1.0E+10	1E-30	1.0E-10	1.0E+10	1E-30	1.0E-10
87	3.30595927550244E-09	1.0E+10	100000000000	1E-30	5.56495037951252E-12	1.0E+10	1E-30	1.0E+10	1.43905975953109E-02	1E-30	6.67848016215399E-11	0.380140949963303	1E-30	4.26233581987162E-11	1.02747090792206E-02	2.48720899109469E-08	1.62208801778614E-11	0.243593741348846	5.05881071877748E-09	3.86205812071124E-11	0.420500213916233	3.78444153344519E-09	1.70301412938384E-11	0.114941224375952	3.44832526132343E-11	8.68712705763485E-12	0.968884257028566	7.71853824827327E-13	3.15335384214679E-10	100000	1.0E+10	1E-30	1.0E-10	1.0E+10	1E-30	1.0E-10	1.0E+10	1E-30	1.0E-10	1.0E+10	1E-30	1.0E-10	1.0E+10	1E-30	1.0E-10	1.0E+10	1E-30	1.0E-10	1.0E+10	1E-30	1.0E-10	1.0E+10	1E-30	1.0E-10
88	3.32147463357617E-09	1.0E+10	1.0E+10	1E-30	2.22286334446224E-10	1.0E+10	1E-30	1.0E+10	0.127306197487148	1.44626133716856E-07	1.0E+10	16.8870162385831	4.17866438612516E-07	1.0E+10	0.915761537281936	1.78171379004714E-07	1.0E+10	0.496571364784813	8.67888816406065E-08	1.0E+10	0.115768534095748	1E-30	4.14862202505508E-11	0.520096267500963	5.71199898654275E-08	5.22002592221023E-12	3.36047825640323E-02	3.48903870881053E-09	3.11321242294954E-11	0.169750636942206	1.93200154593519E-11	1.38146903818498E-10	2.66330218517225	4.23140718302272E-12	8.7204606678213E-11	7.55162321755529	1.0E+10	1E-30	1.0E-10	1.0E+10	1E-30	1.0E-10	1.0E+10	1E-30	1.0E-10	1.0E+10	1E-30	1.0E-10	1.0E+10	1E-30	1.0E-10	1.0E+10	1E-30	1.0E-10
89	3.32147463357617E-09	1.0E+10	1.0E+10	1E-30	2.22286334446224E-10	1.0E+10	1E-30	1.0E+10	0.127306197487148	1.44626133716856E-07	1.0E+10	16.8870162385831	4.17866438612516E-07	1.0E+10	0.915761537281936	1.78171379004714E-07	1.0E+10	0.496571364784813	8.67888816406065E-08	1.0E+10	0.115768534095748	1E-30	4.14862202505508E-11	0.520096267500963	5.71199898654275E-08	5.22002592221023E-12	3.36047825640323E-02	3.48903870881053E-09	3.11321242294954E-11	0.169750636942206	1.93200154593519E-11	1.38146903818498E-10	2.66330218517225	4.23140718302272E-12	8.7204606678213E-11	7.55162321755529	1.0E+10	1E-30	1.0E-10	1.0E+10	1E-30	1.0E-10	1.0E+10	1E-30	1.0E-10	1.0E+10	1E-30	1.0E-10	1.0E+10	1E-30	1.0E-10	1.0E+10	1E-30	1.0E-10
90	3.26678530815099E-09	1.0E+10	1.0E+10	1E-30	2.00143516254643E-10	1.0E+10	1E-30	1.0E+10	0.125804495408593	1.21343475086209E-07	1.0E+10	17.1310218529465	2.50088772203558E-07	1.0E+10	1.03954473383523	2.42017356573639E-07	1.0E+10	0.234523485095324	8.61348922523557E-08	1.0E+10	0.122177399592307	1E-30	7.25158165550554E-11	0.390573341244932	2.88749791059637E-08	1.24158992521337E-11	5.95959674826278E-02	5.93173180188114E-09	2.71695696934862E-11	0.141020453898863	5.44751935285025E-12	1.39621579931946E-10	14.462157248829	5.71263104574189E-12	6.6203389280779E-11	15.7721464785152	1.0E+10	1E-30	1.0E-10	1.0E+10	1E-30	1.0E-10	1.0E+10	1E-30	1.0E-10	1.0E+10	1E-30	1.0E-10	1.0E+10	1E-30	1.0E-10	1.0E+10	1E-30	1.0E-10
91	3.32147463357617E-09	1.0E+10	1.0E+10	1E-30	2.22286334446224E-10	1.0E+10	1E-30	1.0E+10	0.127306197487148	1.44626133716856E-07	1.0E+10	16.8870162385831	4.17866438612516E-07	1.0E+10	0.915761537281936	1.78171379004714E-07	1.0E+10	0.496571364784813	8.67888816406065E-08	1.0E+10	0.115768534095748	1E-30	4.14862202505508E-11	0.520096267500963	5.71199898654275E-08	5.22002592221023E-12	3.36047825640323E-02	3.48903870881053E-09	3.11321242294954E-11	0.169750636942206	1.93200154593519E-11	1.38146903818498E-10	2.66330218517225	4.23140718302272E-12	8.7204606678213E-11	7.55162321755529	1.0E+10	1E-30	1.0E-10	1.0E+10	1E-30	1.0E-10	1.0E+10	1E-30	1.0E-10	1.0E+10	1E-30	1.0E-10	1.0E+10	1E-30	1.0E-10	1.0E+10	1E-30	1.0E-10
92	3.83557423983721E-09	1.0E+10	100000000000	1E-30	3.17470568158495E-10	1.0E+10	1E-30	1.0E+10	7.59765126387253E-03	1E-30	1.023185591364E-10	0.36907772469706	1E-30	5.33824112883436E-11	1.33458684863925E-02	1E-30	1.38096167963766E-10	5.29109157657465E-03	2.12861262465932E-08	2.38791332704283E-11	0.302548575230672	8.42572989360351E-09	2.81593467748904E-11	0.390548541691806	1.69913550927864E-11	2.14516689016798E-11	5.92703236630671	1.0E+10	1E-30	1.0E-10	1.0E+10	1E-30	1.0E-10	1.0E+10	1E-30	1.0E-10	1.0E+10	1E-30	1.0E-10	1.0E+10	1E-30	1.0E-10	1.0E+10	1E-30	1.0E-10	1.0E+10	1E-30	1.0E-10	1.0E+10	1E-30	1.0E-10	1.0E+10	1E-30	1.0E-10
93	4.74965023179814E-09	1.0E+10	1.0E+10	1E-30	0.00000000019	1.0E+10	1E-30	1.0E+10	0.081023689820868	3.28921549392174E-07	1.0E+10	4.35147552577394	2.55488690589886E-07	1.0E+10	0.65819896051103	2.55142905120061E-07	1.0E+10	0.109381878198692	9.00476216047631E-08	1.0E+10	0.048593671495402	1E-30	9.02091652866461E-11	0.445135054081928	4.03376702261488E-08	1.2974304622923E-11	4.43876183167152E-02	4.98236449494869E-09	4.39791603085479E-11	0.132180650166999	6.92813841176913E-11	4.66345343959538E-11	1.03185057305901	2.83982030852873E-12	1.19974402708195E-10	15.377956648409	1.0E+10	1E-30	1.0E-10	1.0E+10	1E-30	1.0E-10	1.0E+10	1E-30	1.0E-10	1.0E+10	1E-30	1.0E-10	1.0E+10	1E-30	1.0E-10	1.0E+10	1E-30	1.0E-10
94	4.74965023179814E-09	1.0E+10	1.0E+10	1E-30	0.00000000019	1.0E+10	1E-30	1.0E+10	0.081023689820868	3.28921549392174E-07	1.0E+10	4.35147552577394	2.55488690589886E-07	1.0E+10	0.65819896051103	2.55142905120061E-07	1.0E+10	0.109381878198692	9.00476216047631E-08	1.0E+10	0.048593671495402	1E-30	9.02091652866461E-11	0.445135054081928	4.03376702261488E-08	1.2974304622923E-11	4.43876183167152E-02	4.98236449494869E-09	4.39791603085479E-11	0.132180650166999	6.92813841176913E-11	4.66345343959538E-11	1.03185057305901	2.83982030852873E-12	1.19974402708195E-10	15.377956648409	1.0E+10	1E-30	1.0E-10	1.0E+10	1E-30	1.0E-10	1.0E+10	1E-30	1.0E-10	1.0E+10	1E-30	1.0E-10	1.0E+10	1E-30	1.0E-10	1.0E+10	1E-30	1.0E-10
95	4.74965023179814E-09	1.0E+10	1.0E+10	1E-30	0.00000000019	1.0E+10	1E-30	1.0E+10	0.081023689820868	3.28921549392174E-07	1.0E+10	4.35147552577394	2.55488690589886E-07	1.0E+10	0.65819896051103	2.55142905120061E-07	1.0E+10	0.109381878198692	9.00476216047631E-08	1.0E+10	0.048593671495402	1E-30	9.02091652866461E-11	0.445135054081928	4.03376702261488E-08	1.2974304622923E-11	4.43876183167152E-02	4.98236449494869E-09	4.39791603085479E-11	0.132180650166999	6.92813841176913E-11	4.66345343959538E-11	1.03185057305901	2.83982030852873E-12	1.19974402708195E-10	15.377956648409	1.0E+10	1E-30	1.0E-10	1.0E+10	1E-30	1.0E-10	1.0E+10	1E-30	1.0E-10	1.0E+10	1E-30	1.0E-10	1.0E+10	1E-30	1.0E-10	1.0E+10	1E-30	1.0E-10
96	4.74965023179814E-09	1.0E+10	1.0E+10	1E-30	0.00000000019	1.0E+10	1E-30	1.0E+10	0.081023689820868	3.28921549392174E-07	1.0E+10	4.35147552577394	2.55488690589886E-07	1.0E+10	0.65819896051103	2.55142905120061E-07	1.0E+10	0.109381878198692	9.00476216047631E-08	1.0E+10	0.048593671495402	1E-30	9.02091652866461E-11	0.445135054081928	4.03376702261488E-08	1.2974304622923E-11	4.43876183167152E-02	4.98236449494869E-09	4.39791603085479E-11	0.132180650166999	6.92813841176913E-11	4.66345343959538E-11	1.03185057305901	2.83982030852873E-12	1.19974402708195E-10	15.377956648409	1.0E+10	1E-30	1.0E-10	1.0E+10	1E-30	1.0E-10	1.0E+10	1E-30	1.0E-10	1.0E+10	1E-30	1.0E-10	1.0E+10	1E-30	1.0E-10	1.0E+10	1E-30	1.0E-10
97	6.81925036058288E-09	1.0E+10	1.0E+10	1E-30	0.00000000009	1.0E+10	1E-30	1.0E+10	9.84086400435587E-02	2.92746634051124E-07	1.0E+10	10.873221043703	3.93766811828655E-07	1.0E+10	0.808371545345729	3.54868021651967E-07	1.0E+10	0.132673217637248	6.20036608732194E-07	1.0E+10	2.73927235346855E-02	1E-30	3.88522207235815E-11	0.25109043675604	6.18863129752828E-09	3.34125456598579E-11	0.107155453982384	2.32716187257721E-11	2.05758600951239E-10	3.2226357020164	1.8171894314974E-12	2.12456500253367E-10	33.5734920060702	1.0E+10	1E-30	1.0E-10	1.0E+10	1E-30	1.0E-10	1.0E+10	1E-30	1.0E-10	1.0E+10	1E-30	1.0E-10	1.0E+10	1E-30	1.0E-10	1.0E+10	1E-30	1.0E-10	1.0E+10	1E-30	1.0E-10
98	6.81925036058288E-09	1.0E+10	1.0E+10	1E-30	0.00000000009	1.0E+10	1E-30	1.0E+10	9.84086400435587E-02	2.92746634051124E-07	1.0E+10	10.873221043703	3.93766811828655E-07	1.0E+10	0.808371545345729	3.54868021651967E-07	1.0E+10	0.132673217637248	6.20036608732194E-07	1.0E+10	2.73927235346855E-02	1E-30	3.88522207235815E-11	0.25109043675604	6.18863129752828E-09	3.34125456598579E-11	0.107155453982384	2.32716187257721E-11	2.05758600951239E-10	3.2226357020164	1.8171894314974E-12	2.12456500253367E-10	33.5734920060702	1.0E+10	1E-30	1.0E-10	1.0E+10	1E-30	1.0E-10	1.0E+10	1E-30	1.0E-10	1.0E+10	1E-30	1.0E-10	1.0E+10	1E-30	1.0E-10	1.0E+10	1E-30	1.0E-10	1.0E+10	1E-30	1.0E-10
99	6.62361972226979E-09	1.0E+10	1.0E+10	1E-30	2.5766191525178E-10	1.0E+10	1E-30	1.0E+10	9.95649195745351E-02	3.40362152036618E-07	1.0E+10	4.13352223844758	3.67362109732263E-07	1.0E+10	0.481104367567331	2.59673109666906E-07	1.0E+10	9.07213586094485E-02	3.45834485204088E-06	1.0E+10	1.83320565714824E-02	4.32451690581251E-09	4.52198756980212E-11	0.141987686014228	1.72658617529534E-11	2.69786700196592E-10	4.3510722951326	4.9768132728598E-12	6.86663582095148E-11	4.96416463621625	1.0E+10	1E-30	1.0E-10	1.0E+10	1E-30	1.0E-10	1.0E+10	1E-30	1.0E-10	1.0E+10	1E-30	1.0E-10	1.0E+10	1E-30	1.0E-10	1.0E+10	1E-30	1.0E-10	1.0E+10	1E-30	1.0E-10	1.0E+10	1E-30	1.0E-10
100	6.81925036058288E-09	1.0E+10	1.0E+10	1E-30	0.00000000009	1.0E+10	1E-30	1.0E+10	9.84086400435587E-02	2.92746634051124E-07	1.0E+10	10.873221043703	3.93766811828655E-07	1.0E+10	0.808371545345729	3.54868021651967E-07	1.0E+10	0.132673217637248	6.20036608732194E-07	1.0E+10	2.73927235346855E-02	1E-30	3.88522207235815E-11	0.25109043675604	6.18863129752828E-09	3.34125456598579E-11	0.107155453982384	2.32716187257721E-11	2.05758600951239E-10	3.2226357020164	1.8171894314974E-12	2.12456500253367E-10	33.5734920060702	1.0E+10	1E-30	1.0E-10	1.0E+10	1E-30	1.0E-10	1.0E+10	1E-30	1.0E-10	1.0E+10	1E-30	1.0E-10	1.0E+10	1E-30	1.0E-10	1.0E+10	1E-30	1.0E-10	1.0E+10	1E-30	1.0E-10
101	9.86698933341697E-09	1.0E+10	1.0E+10	1E-30	0.000000000195	1.0E+10	1E-30	1.0E+10	7.00172239956698E-02	1.92086241956594E-06	1.0E+10	8.28559825371877	1.28942969732979E-06	1.0E+10	4.65933430199105	9.01679915500476E-07	1.0E+10	1.46814089323781	5.36962258626872E-07	1.0E+10	0.329331946177887	3.51554048181844E-07	1.0E+10	6.46740396228882E-02	1E-30	8.51159376997839E-11	0.255868186656166	1.74719336531844E-07	5.93006325732738E-12	1.39284650721092E-02	1.31758908814632E-08	3.07595697486789E-11	0.069054155153425	3.28700221527422E-11	1.33788191482643E-10	2.42097407711387	2.50888144472516E-12	1.25156032655762E-10	13.2335287108835	1.0E+10	1E-30	1.0E-10	1.0E+10	1E-30	1.0E-10	1.0E+10	1E-30	1.0E-10	1.0E+10	1E-30	1.0E-10	1.0E+10	1E-30	1.0E-10
102	9.86698933341697E-09	1.0E+10	1.0E+10	1E-30	0.000000000195	1.0E+10	1E-30	1.0E+10	7.00172239956698E-02	1.92086241956594E-06	1.0E+10	8.28559825371877	1.28942969732979E-06	1.0E+10	4.65933430199105	9.01679915500476E-07	1.0E+10	1.46814089323781	5.36962258626872E-07	1.0E+10	0.329331946177887	3.51554048181844E-07	1.0E+10	6.46740396228882E-02	1E-30	8.51159376997839E-11	0.255868186656166	1.74719336531844E-07	5.93006325732738E-12	1.39284650721092E-02	1.31758908814632E-08	3.07595697486789E-11	0.069054155153425	3.28700221527422E-11	1.33788191482643E-10	2.42097407711387	2.50888144472516E-12	1.25156032655762E-10	13.2335287108835	1.0E+10	1E-30	1.0E-10	1.0E+10	1E-30	1.0E-10	1.0E+10	1E-30	1.0E-10	1.0E+10	1E-30	1.0E-10	1.0E+10	1E-30	1.0E-10
103	9.86698933341697E-09	1.0E+10	1.0E+10	1E-30	0.000000000195	1.0E+10	1E-30	1.0E+10	7.00172239956698E-02	1.92086241956594E-06	1.0E+10	8.28559825371877	1.28942969732979E-06	1.0E+10	4.65933430199105	9.01679915500476E-07	1.0E+10	1.46814089323781	5.36962258626872E-07	1.0E+10	0.329331946177887	3.51554048181844E-07	1.0E+10	6.46740396228882E-02	1E-30	8.51159376997839E-11	0.255868186656166	1.74719336531844E-07	5.93006325732738E-12	1.39284650721092E-02	1.31758908814632E-08	3.07595697486789E-11	0.069054155153425	3.28700221527422E-11	1.33788191482643E-10	2.42097407711387	2.50888144472516E-12	1.25156032655762E-10	13.2335287108835	1.0E+10	1E-30	1.0E-10	1.0E+10	1E-30	1.0E-10	1.0E+10	1E-30	1.0E-10	1.0E+10	1E-30	1.0E-10	1.0E+10	1E-30	1.0E-10
104	9.86698933341697E-09	1.0E+10	1.0E+10	1E-30	0.000000000195	1.0E+10	1E-30	1.0E+10	7.00172239956698E-02	1.92086241956594E-06	1.0E+10	8.28559825371877	1.28942969732979E-06	1.0E+10	4.65933430199105	9.01679915500476E-07	1.0E+10	1.46814089323781	5.36962258626872E-07	1.0E+10	0.329331946177887	3.51554048181844E-07	1.0E+10	6.46740396228882E-02	1E-30	8.51159376997839E-11	0.255868186656166	1.74719336531844E-07	5.93006325732738E-12	1.39284650721092E-02	1.31758908814632E-08	3.07595697486789E-11	0.069054155153425	3.28700221527422E-11	1.33788191482643E-10	2.42097407711387	2.50888144472516E-12	1.25156032655762E-10	13.2335287108835	1.0E+10	1E-30	1.0E-10	1.0E+10	1E-30	1.0E-10	1.0E+10	1E-30	1.0E-10	1.0E+10	1E-30	1.0E-10	1.0E+10	1E-30	1.0E-10
105	1.48778143962052E-08	1.0E+10	1.0E+10	1E-30	2.36648149712728E-10	1.0E+10	1E-30	1.0E+10	0.052712146689571	1.0128499823084E-06	1.0E+10	1.3128890478126	1.42882287011218E-06	1.0E+10	0.134883548895629	9.15035567172425E-07	1.0E+10	4.47510085643806E-02	1E-30	7.77171416749869E-11	0.220538864602727	9.40777636676205E-08	1.72968648094462E-11	3.63406466629474E-02	1.74873378256661E-08	3.62027367546338E-11	7.56795404049809E-02	1.1649966094025E-10	4.28120371349128E-11	0.804856693568204	4.24017073254122E-12	9.54972932562958E-11	6.79073111746822	1.0E+10	1E-30	1.0E-10	1.0E+10	1E-30	1.0E-10	1.0E+10	1E-30	1.0E-10	1.0E+10	1E-30	1.0E-10	1.0E+10	1E-30	1.0E-10	1.0E+10	1E-30	1.0E-10	1.0E+10	1E-30	1.0E-10
106	1.48778143962052E-08	1.0E+10	1.0E+10	1E-30	2.36648149712728E-10	1.0E+10	1E-30	1.0E+10	0.052712146689571	1.0128499823084E-06	1.0E+10	1.3128890478126	1.42882287011218E-06	1.0E+10	0.134883548895629	9.15035567172425E-07	1.0E+10	4.47510085643806E-02	1E-30	7.77171416749869E-11	0.220538864602727	9.40777636676205E-08	1.72968648094462E-11	3.63406466629474E-02	1.74873378256661E-08	3.62027367546338E-11	7.56795404049809E-02	1.1649966094025E-10	4.28120371349128E-11	0.804856693568204	4.24017073254122E-12	9.54972932562958E-11	6.79073111746822	1.0E+10	1E-30	1.0E-10	1.0E+10	1E-30	1.0E-10	1.0E+10	1E-30	1.0E-10	1.0E+10	1E-30	1.0E-10	1.0E+10	1E-30	1.0E-10	1.0E+10	1E-30	1.0E-10	1.0E+10	1E-30	1.0E-10
107	1.47107711385002E-08	1.0E+10	1.0E+10	1E-30	2.22993915409266E-10	1.0E+10	1E-30	1.0E+10	5.35744229691346E-02	8.72737671657899E-07	1.0E+10	1.81009914088805	1.29913897112565E-06	1.0E+10	0.163031984945891	7.37595706604039E-07	1.0E+10	4.88866496767587E-02	1E-30	9.10696434603644E-11	0.323134913257798	6.74989061378534E-08	2.38233692182074E-11	3.99923611790673E-02	2.01583983530552E-08	3.39188953009927E-11	8.09902567645391E-02	3.35223026708094E-12	1.5002248496217E-10	15.028089643793	1.0E+10	1E-30	1.0E-10	1.0E+10	1E-30	1.0E-10	1.0E+10	1E-30	1.0E-10	1.0E+10	1E-30	1.0E-10	1.0E+10	1E-30	1.0E-10	1.0E+10	1E-30	1.0E-10	1.0E+10	1E-30	1.0E-10	1.0E+10	1E-30	1.0E-10
108	1.50201254604546E-08	1.0E+10	1.0E+10	1E-30	2.41097117607357E-10	1.0E+10	1E-30	1.0E+10	5.13957164237584E-02	1.01684603156742E-06	1.0E+10	1.23975819225897	1.46170117093869E-06	1.0E+10	0.141627574976764	8.53553655955422E-07	1.0E+10	4.75388066293189E-02	1E-30	1.17809506176484E-10	0.643841741824622	7.18097821617999E-08	2.12001873466625E-11	0.03982262908479	2.2254487629888E-08	3.01630688865236E-11	0.075520910466726	2.49441144014906E-10	1.98928588597185E-11	0.612700158788151	6.44762941279398E-12	6.36235407706794E-11	5.86754479807283	1.0E+10	1E-30	1.0E-10	1.0E+10	1E-30	1.0E-10	1.0E+10	1E-30	1.0E-10	1.0E+10	1E-30	1.0E-10	1.0E+10	1E-30	1.0E-10	1.0E+10	1E-30	1.0E-10	1.0E+10	1E-30	1.0E-10
109	2.19028042402034E-08	1.0E+10	1.0E+10	1E-30	0.0000000002	1.0E+10	1E-30	1.0E+10	4.06994802654215E-02	4.2993414139438E-06	1.0E+10	3.61758044578818	3.31040254633927E-06	1.0E+10	1.81308513604869	2.0648795977431E-06	1.0E+10	0.641099441344839	1.49147689212459E-06	1.0E+10	0.148972313578915	7.89426105358358E-07	1.0E+10	2.82760447796158E-02	1E-30	1.09938837028211E-10	0.172691521376017	1.97240491199697E-07	1.22643401713321E-11	1.75231243333111E-02	4.49059631456081E-08	2.50699651115135E-11	3.74865490566743E-02	8.41643829157734E-11	4.81539483245466E-11	0.81994628887663	4.26323322523322E-12	9.24105336837934E-11	9.04818990808407	0.000000000007	0.000000000035	100000	1.0E+10	1E-30	1.0E-10	1.0E+10	1E-30	1.0E-10	1.0E+10	1E-30	1.0E-10	1.0E+10	1E-30	1.0E-10
110	2.19028042402034E-08	1.0E+10	1.0E+10	1E-30	0.0000000002	1.0E+10	1E-30	1.0E+10	4.06994802654215E-02	4.2993414139438E-06	1.0E+10	3.61758044578818	3.31040254633927E-06	1.0E+10	1.81308513604869	2.0648795977431E-06	1.0E+10	0.641099441344839	1.49147689212459E-06	1.0E+10	0.148972313578915	7.89426105358358E-07	1.0E+10	2.82760447796158E-02	1E-30	1.09938837028211E-10	0.172691521376017	1.97240491199697E-07	1.22643401713321E-11	1.75231243333111E-02	4.49059631456081E-08	2.50699651115135E-11	3.74865490566743E-02	8.41643829157734E-11	4.81539483245466E-11	0.81994628887663	4.26323322523322E-12	9.24105336837934E-11	9.04818990808407	0.000000000007	0.000000000035	100000	1.0E+10	1E-30	1.0E-10	1.0E+10	1E-30	1.0E-10	1.0E+10	1E-30	1.0E-10	1.0E+10	1E-30	1.0E-10
111	2.26669105081784E-08	1.0E+10	1.0E+10	1E-30	0.000000000207	1.0E+10	1E-30	1.0E+10	4.16946568508744E-02	2.71460343162654E-06	1.0E+10	3.1485727894565	5.83580484134391E-06	1.0E+10	0.572946060837002	2.37904295289098E-06	1.0E+10	0.422102426238794	1.57771354016874E-06	1.0E+10	0.111609386234982	1.0204803057143E-06	1.0E+10	2.24365208144789E-02	1E-30	1.00988023884721E-10	0.158631616968395	1.75127866392807E-07	1.44638865489112E-11	2.01953954330737E-02	4.23704795024435E-08	2.65701720296647E-11	3.97297743656162E-02	7.84288969600003E-11	5.16754347286116E-11	0.760983591161556	2.77277659216266E-12	1.19847476731443E-10	12.713752228418	1.0E+10	1E-30	1.0E-10	1.0E+10	1E-30	1.0E-10	1.0E+10	1E-30	1.0E-10	1.0E+10	1E-30	1.0E-10	1.0E+10	1E-30	1.0E-10
112	2.19028042402034E-08	1.0E+10	1.0E+10	1E-30	0.0000000002	1.0E+10	1E-30	1.0E+10	4.06994802654215E-02	4.2993414139438E-06	1.0E+10	3.61758044578818	3.31040254633927E-06	1.0E+10	1.81308513604869	2.0648795977431E-06	1.0E+10	0.641099441344839	1.49147689212459E-06	1.0E+10	0.148972313578915	7.89426105358358E-07	1.0E+10	2.82760447796158E-02	1E-30	1.09938837028211E-10	0.172691521376017	1.97240491199697E-07	1.22643401713321E-11	1.75231243333111E-02	4.49059631456081E-08	2.50699651115135E-11	3.74865490566743E-02	8.41643829157734E-11	4.81539483245466E-11	0.81994628887663	4.26323322523322E-12	9.24105336837934E-11	9.04818990808407	0.000000000007	0.000000000035	100000	1.0E+10	1E-30	1.0E-10	1.0E+10	1E-30	1.0E-10	1.0E+10	1E-30	1.0E-10	1.0E+10	1E-30	1.0E-10
113	2.10591159598556E-08	1.0E+10	1.0E+10	1E-30	2.62769263936842E-10	1.0E+10	1E-30	1.0E+10	4.80009546237031E-02	1.14488830494519E-06	1.0E+10	1.01741521951793	1.44340848301805E-06	1.0E+10	9.17129954640088E-02	1.42461835271248E-06	1.0E+10	2.08179513531615E-02	1E-30	6.28291162339033E-11	0.158081099092298	1.10644842362493E-07	1.9708771235392E-11	0.029368603060773	2.45840291464491E-08	3.65466358004677E-11	5.91639883086378E-02	3.97202244416786E-12	1.55369420828975E-10	10.2660019597507	1.0E+10	1E-30	1.0E-10	1.0E+10	1E-30	1.0E-10	1.0E+10	1E-30	1.0E-10	1.0E+10	1E-30	1.0E-10	1.0E+10	1E-30	1.0E-10	1.0E+10	1E-30	1.0E-10	1.0E+10	1E-30	1.0E-10	1.0E+10	1E-30	1.0E-10
114	3.13035096340108E-08	1.0E+10	1.0E+10	1E-30	2.7266045243791E-10	1.0E+10	1E-30	1.0E+10	0.041355963271095	1.89955035962083E-06	1.0E+10	1.2481123605753	2.57754333587508E-06	1.0E+10	0.143473192429972	2.14737043058756E-06	1.0E+10	2.99051247063161E-02	1E-30	7.62372320257436E-11	0.194860466851448	1.84527736061879E-07	1.80099030363718E-11	1.78127485601871E-02	3.24769972071708E-08	3.5621594268855E-11	5.04145399639524E-02	8.40563175685366E-11	6.23101924401475E-11	0.944200032046088	4.38511785608193E-12	1.1886198437999E-10	9.02071599170702	1.0E+10	1E-30	1.0E-10	1.0E+10	1E-30	1.0E-10	1.0E+10	1E-30	1.0E-10	1.0E+10	1E-30	1.0E-10	1.0E+10	1E-30	1.0E-10	1.0E+10	1E-30	1.0E-10	1.0E+10	1E-30	1.0E-10
115	3.17454089436983E-08	1.0E+10	1.0E+10	1E-30	2.25890998632787E-10	1.0E+10	1E-30	1.0E+10	2.86824947842667E-02	2.17738196499243E-06	1.0E+10	1.02405113900585	2.90340004984158E-06	1.0E+10	0.130758717311269	2.34301749276773E-06	1.0E+10	2.82368111685814E-02	1E-30	7.90911225481733E-11	0.13266175717585	1.71345198987909E-07	1.94738605852194E-11	2.44789342540445E-02	3.97091220419229E-08	3.33149408339922E-11	5.30855019934453E-02	7.19735861603377E-12	1.10656820498825E-10	11.3771682097755	6.3888614261339E-12	5.62180238428698E-11	6.51827589012563	1.0E+10	1E-30	1.0E-10	1.0E+10	1E-30	1.0E-10	1.0E+10	1E-30	1.0E-10	1.0E+10	1E-30	1.0E-10	1.0E+10	1E-30	1.0E-10	1.0E+10	1E-30	1.0E-10	1.0E+10	1E-30	1.0E-10
116	4.77967980695482E-08	1.0E+10	1.0E+10	1E-30	2.07804913040076E-10	1.0E+10	1E-30	1.0E+10	2.61741570644876E-02	3.81460175794395E-06	1.0E+10	0.558228923528004	4.22323797043739E-06	1.0E+10	9.36731578666735E-02	2.73706204123754E-06	1.0E+10	1.85017249578623E-02	1E-30	5.99910834686957E-11	0.614740339547195	1E-30	9.40541466258735E-11	0.104393489026699	7.85129760588682E-07	7.73444971864444E-12	1.14077194549389E-02	5.69019544181142E-08	4.87749478060755E-11	4.29457356385291E-02	4.05981372040601E-12	8.53421958235293E-11	12.8847304165803	1.0E+10	1E-30	1.0E-10	1.0E+10	1E-30	1.0E-10	1.0E+10	1E-30	1.0E-10	1.0E+10	1E-30	1.0E-10	1.0E+10	1E-30	1.0E-10	1.0E+10	1E-30	1.0E-10	1.0E+10	1E-30	1.0E-10
117	4.58888232277603E-08	1.0E+10	1.0E+10	1E-30	4.02773847277689E-11	1.0E+10	1E-30	1.0E+10	1.81186409422482E-02	8.67470673470202E-06	1.0E+10	1.79293824039397	8.09833329481325E-06	1.0E+10	0.580183441858059	5.68161047411457E-06	1.0E+10	0.23299611308953	4.41569415249941E-06	1.0E+10	5.14900254783947E-02	5.72116106207861E-06	1.0E+10	7.33442299312669E-03	3.70275380674421E-05	1.0E+10	5.27552030425888E-03	1E-30	1.06784757563407E-10	0.117415973456799	1E-30	1.1506517300306E-11	9.63967739174536E-02	2.22397146855797E-07	2.69577932763898E-11	3.27998882247728E-02	5.85065066509813E-08	4.32948356696316E-11	5.14523940123463E-02	1.1488641429741E-11	5.21849023390805E-11	6.34940310652812	7.94328234724281E-13	2.01428065887067E-10	75.53552470765	1.0E+10	1E-30	1.0E-10	1.0E+10	1E-30	1.0E-10	1.0E+10	1E-30	1.0E-10
118	4.58888232277603E-08	1.0E+10	1.0E+10	1E-30	4.02773847277689E-11	1.0E+10	1E-30	1.0E+10	1.81186409422482E-02	8.67470673470202E-06	1.0E+10	1.79293824039397	8.09833329481325E-06	1.0E+10	0.580183441858059	5.68161047411457E-06	1.0E+10	0.23299611308953	4.41569415249941E-06	1.0E+10	5.14900254783947E-02	5.72116106207861E-06	1.0E+10	7.33442299312669E-03	3.70275380674421E-05	1.0E+10	5.27552030425888E-03	1E-30	1.06784757563407E-10	0.117415973456799	1E-30	1.1506517300306E-11	9.63967739174536E-02	2.22397146855797E-07	2.69577932763898E-11	3.27998882247728E-02	5.85065066509813E-08	4.32948356696316E-11	5.14523940123463E-02	1.1488641429741E-11	5.21849023390805E-11	6.34940310652812	7.94328234724281E-13	2.01428065887067E-10	75.53552470765	1.0E+10	1E-30	1.0E-10	1.0E+10	1E-30	1.0E-10	1.0E+10	1E-30	1.0E-10
119	4.60425231475239E-08	1.0E+10	1.0E+10	1E-30	0.000000000075	1.0E+10	1E-30	1.0E+10	0.018788053833543	8.76995951311456E-06	1.0E+10	1.81477397762094	6.78781477440258E-06	1.0E+10	0.722474533424789	5.1212367070856E-06	1.0E+10	0.196455429436795	5.85356180456607E-06	1.0E+10	3.50267565173645E-02	4.58061897170692E-06	1.0E+10	1.38651942959552E-02	1E-30	1.11169238475438E-10	0.126017943621083	2.17381749139581E-07	2.59577818892643E-11	3.11778771966681E-02	7.42170659296813E-08	3.41300152374444E-11	4.76544911719392E-02	1.00485679671492E-11	6.35118831638397E-11	6.5107163558343	0.0000000000011	0.00000000016	60	1.0E+10	1E-30	1.0E-10	1.0E+10	1E-30	1.0E-10	1.0E+10	1E-30	1.0E-10	1.0E+10	1E-30	1.0E-10	1.0E+10	1E-30	1.0E-10
120	6.50778050035096E-08	1.0E+10	7352900000	1E-30	2.51883650320912E-10	1.0E+10	1E-30	1.0E+10	1.80725041606978E-02	4.87097016726403E-06	1.0E+10	0.393024098177743	8.95577679964706E-06	1.0E+10	5.03036362010553E-02	5.14430106914145E-06	1.0E+10	0.019589745306748	1E-30	9.6703630394607E-11	9.85885813465428E-02	1E-30	5.59060024074704E-12	6.20318932251176E-02	3.86750241103577E-07	2.07692161206687E-11	2.10596247276826E-02	8.78503018283104E-08	3.95973256894664E-11	4.28423366276324E-02	5.16655036724923E-12	1.10617433776221E-10	10.0930311186681	1.0E+10	1E-30	1.0E-10	1.0E+10	1E-30	1.0E-10	1.0E+10	1E-30	1.0E-10	1.0E+10	1E-30	1.0E-10	1.0E+10	1E-30	1.0E-10	1.0E+10	1E-30	1.0E-10	1.0E+10	1E-30	1.0E-10
121	6.50778050035096E-08	1.0E+10	7352900000	1E-30	2.51883650320912E-10	1.0E+10	1E-30	1.0E+10	1.80725041606978E-02	4.87097016726403E-06	1.0E+10	0.393024098177743	8.95577679964706E-06	1.0E+10	5.03036362010553E-02	5.14430106914145E-06	1.0E+10	0.019589745306748	1E-30	9.6703630394607E-11	9.85885813465428E-02	1E-30	5.59060024074704E-12	6.20318932251176E-02	3.86750241103577E-07	2.07692161206687E-11	2.10596247276826E-02	8.78503018283104E-08	3.95973256894664E-11	4.28423366276324E-02	5.16655036724923E-12	1.10617433776221E-10	10.0930311186681	1.0E+10	1E-30	1.0E-10	1.0E+10	1E-30	1.0E-10	1.0E+10	1E-30	1.0E-10	1.0E+10	1E-30	1.0E-10	1.0E+10	1E-30	1.0E-10	1.0E+10	1E-30	1.0E-10	1.0E+10	1E-30	1.0E-10
122	1.00396723008131E-07	1.0E+10	5000000000	1E-30	0.000000000205	1.0E+10	1E-30	1.0E+10	1.81170254408386E-02	9.69511936598951E-06	1.0E+10	1.36542223626594	1.34700764899599E-05	1.0E+10	0.285277139521249	9.59250515420485E-06	1.0E+10	9.99742351862097E-02	1.77886303021629E-05	1.0E+10	1.17108288864908E-02	6.84083017409717E-06	1.0E+10	9.77064769924986E-03	1E-30	4.35336834470362E-11	0.298396582038355	1E-30	1.31993472451318E-10	7.93073424208041E-02	5.61490888407847E-07	2.44271344368465E-11	1.46572464742537E-02	1.87183796174502E-07	3.38307807997577E-11	2.25128576970008E-02	0.0000000000027	1.10546321445029E-10	16.2203253466531	1.0E+10	1E-30	1.0E-10	1.0E+10	1E-30	1.0E-10	1.0E+10	1E-30	1.0E-10	1.0E+10	1E-30	1.0E-10	1.0E+10	1E-30	1.0E-10
123	9.59326312937411E-08	1.0E+10	5000000000	1E-30	0.000000000065	1.0E+10	1E-30	1.0E+10	1.25303545158836E-02	8.76552657426127E-06	1.0E+10	1.04482154841242	2.68693328918914E-05	1.0E+10	0.154540431639571	1.30293854438599E-05	1.0E+10	9.48191810002117E-02	1.01734344379776E-05	1.0E+10	2.51919945690237E-02	1.43067523959964E-05	1.0E+10	5.66485872685001E-03	1E-30	1.43665262908091E-10	8.79715696941868E-02	1E-30	1.0630982005645E-11	5.00973224540693E-02	7.04634013798494E-07	1.94419467229191E-11	2.11926419906542E-02	1.55954231955113E-07	4.22532111614733E-11	3.79659003101844E-02	1.22031217422232E-11	4.82983780851157E-11	5.36119996165114	8.34435332532103E-13	1.5279881376343E-10	52.2578153973648	1.0E+10	1E-30	1.0E-10	1.0E+10	1E-30	1.0E-10	1.0E+10	1E-30	1.0E-10	1.0E+10	1E-30	1.0E-10
124	9.5775587348187E-08	1.0E+10	5000000000	1E-30	0.00000000007	1.0E+10	1E-30	1.0E+10	1.15404317395679E-02	1.28015293013257E-05	1.0E+10	0.766581399160247	1.3378788376208E-05	1.0E+10	0.271993344359463	1.57575704400519E-05	1.0E+10	0.071504088434482	1.02989365098567E-05	1.0E+10	2.66647652002173E-02	1.05126516723763E-05	1.0E+10	6.71456480862212E-03	1E-30	1.42594874012521E-10	8.53285730737712E-02	1E-30	1.79221136850119E-11	8.44559710344519E-02	5.59195242775303E-07	2.33959068750689E-11	2.60966786008564E-02	1.55385732414851E-07	4.04991347813702E-11	4.08300327310558E-02	1.84273600771545E-11	3.46334728372028E-11	5.03208194355262	0.0000000000011	0.00000000016	60	1.0E+10	1E-30	1.0E-10	1.0E+10	1E-30	1.0E-10	1.0E+10	1E-30	1.0E-10	1.0E+10	1E-30	1.0E-10
125	9.59326312937411E-08	1.0E+10	5000000000	1E-30	0.000000000065	1.0E+10	1E-30	1.0E+10	1.25303545158836E-02	8.76552657426127E-06	1.0E+10	1.04482154841242	2.68693328918914E-05	1.0E+10	0.154540431639571	1.30293854438599E-05	1.0E+10	9.48191810002117E-02	1.01734344379776E-05	1.0E+10	2.51919945690237E-02	1.43067523959964E-05	1.0E+10	5.66485872685001E-03	1E-30	1.43665262908091E-10	8.79715696941868E-02	1E-30	1.0630982005645E-11	5.00973224540693E-02	7.04634013798494E-07	1.94419467229191E-11	2.11926419906542E-02	1.55954231955113E-07	4.22532111614733E-11	3.79659003101844E-02	1.22031217422232E-11	4.82983780851157E-11	5.36119996165114	8.34435332532103E-13	1.5279881376343E-10	52.2578153973648	1.0E+10	1E-30	1.0E-10	1.0E+10	1E-30	1.0E-10	1.0E+10	1E-30	1.0E-10	1.0E+10	1E-30	1.0E-10
126	1.44549440638536E-07	1.0E+10	3333333333.33333	1E-30	1.38502747555109E-10	1.0E+10	1E-30	1.0E+10	1.36126711246617E-02	1.02728441831155E-05	1.0E+10	0.165662790845931	1.46631841911812E-05	1.0E+10	0.016281839294038	2.03499559345461E-05	1.0E+10	3.34142139120087E-03	1E-30	1.93143885221258E-11	8.31843348021773E-02	1E-30	1.13752923300523E-10	5.88415895677423E-02	1.17116713520776E-06	1.58387882197612E-11	1.25564290450274E-02	1.85477329733444E-07	4.51938173056946E-11	2.57767759441918E-02	8.04332370715566E-12	7.38121616076975E-11	6.0041519295019	7.70401009911366E-13	1.10474484749852E-10	100000	1.0E+10	1E-30	1.0E-10	1.0E+10	1E-30	1.0E-10	1.0E+10	1E-30	1.0E-10	1.0E+10	1E-30	1.0E-10	1.0E+10	1E-30	1.0E-10	1.0E+10	1E-30	1.0E-10
127	1.4566752147855E-07	1.0E+10	3333333333.33333	1E-30	3.41388816788922E-11	1.0E+10	1E-30	1.0E+10	1.27911624035094E-02	1.42546819459298E-05	1.0E+10	0.122587765985673	1.64746862509948E-05	1.0E+10	1.20535396632299E-02	1E-30	1.24131816175997E-11	6.24489584353887E-02	1E-30	1.03936369029302E-10	5.88291208971514E-02	1.04969965510965E-06	1.75003152285067E-11	1.01628073948544E-02	2.11065781498034E-07	3.56551762416618E-11	2.43680046489553E-02	7.14330169963488E-12	9.90391717005376E-11	14.2206461552288	2.22530382690853E-12	1.22075224613385E-10	22.2833054880361	1.37057005246599E-12	1.52432506191469E-10	100000	1.0E+10	1E-30	1.0E-10	1.0E+10	1E-30	1.0E-10	1.0E+10	1E-30	1.0E-10	1.0E+10	1E-30	1.0E-10	1.0E+10	1E-30	1.0E-10	1.0E+10	1E-30	1.0E-10
128	1.4566752147855E-07	1.0E+10	3333333333.33333	1E-30	3.41388816788922E-11	1.0E+10	1E-30	1.0E+10	1.27911624035094E-02	1.42546819459298E-05	1.0E+10	0.122587765985673	1.64746862509948E-05	1.0E+10	1.20535396632299E-02	1E-30	1.24131816175997E-11	6.24489584353887E-02	1E-30	1.03936369029302E-10	5.88291208971514E-02	1.04969965510965E-06	1.75003152285067E-11	1.01628073948544E-02	2.11065781498034E-07	3.56551762416618E-11	2.43680046489553E-02	7.14330169963488E-12	9.90391717005376E-11	14.2206461552288	2.22530382690853E-12	1.22075224613385E-10	22.2833054880361	1.37057005246599E-12	1.52432506191469E-10	100000	1.0E+10	1E-30	1.0E-10	1.0E+10	1E-30	1.0E-10	1.0E+10	1E-30	1.0E-10	1.0E+10	1E-30	1.0E-10	1.0E+10	1E-30	1.0E-10	1.0E+10	1E-30	1.0E-10
129	2.07379340920083E-07	1.0E+10	2272727272.72727	1E-30	0.00000000007	1.0E+10	1E-30	1.0E+10	1.07594262436579E-02	2.84018507138274E-05	1.0E+10	0.535147488143885	3.00311520232188E-05	1.0E+10	0.165376383833217	2.69689925544534E-05	1.0E+10	0.056357978658096	2.70334495601946E-05	1.0E+10	1.16634942060954E-02	3.5935062123425E-05	1.0E+10	3.75181780694638E-03	1E-30	2.41883290646552E-11	0.116639862761996	1E-30	1.32952808560285E-10	5.20720744263037E-02	1.46621697999729E-06	1.9195503542753E-11	9.86800138557869E-03	3.97904302455062E-07	3.44290244435699E-11	2.09375061141692E-02	1.04335966697655E-11	6.11681182331758E-11	6.27045283492847	0.000000000001	0.00000000017	110	1.0E+10	1E-30	1.0E-10	1.0E+10	1E-30	1.0E-10	1.0E+10	1E-30	1.0E-10	1.0E+10	1E-30	1.0E-10
130	2.07379340920083E-07	1.0E+10	2272727272.72727	1E-30	0.00000000007	1.0E+10	1E-30	1.0E+10	1.07594262436579E-02	2.84018507138274E-05	1.0E+10	0.535147488143885	3.00311520232188E-05	1.0E+10	0.165376383833217	2.69689925544534E-05	1.0E+10	0.056357978658096	2.70334495601946E-05	1.0E+10	1.16634942060954E-02	3.5935062123425E-05	1.0E+10	3.75181780694638E-03	1E-30	2.41883290646552E-11	0.116639862761996	1E-30	1.32952808560285E-10	5.20720744263037E-02	1.46621697999729E-06	1.9195503542753E-11	9.86800138557869E-03	3.97904302455062E-07	3.44290244435699E-11	2.09375061141692E-02	1.04335966697655E-11	6.11681182331758E-11	6.27045283492847	0.000000000001	0.00000000017	110	1.0E+10	1E-30	1.0E-10	1.0E+10	1E-30	1.0E-10	1.0E+10	1E-30	1.0E-10	1.0E+10	1E-30	1.0E-10
131	2.15616565889452E-07	1.0E+10	2272727272.72727	1E-30	0.00000000008	1.0E+10	1E-30	1.0E+10	1.04122077523887E-02	3.29624824662289E-05	1.0E+10	0.420533134106606	3.53199363111204E-05	1.0E+10	0.179390821987322	1.92472896073092E-05	1.0E+10	7.71703643287033E-02	1.75042222019101E-05	1.0E+10	1.19011060983299E-02	2.43833537932621E-05	1.0E+10	1.66980862572915E-03	1E-30	2.0085170801277E-11	9.46491375530821E-02	1E-30	1.48283818662131E-10	0.051760817261688	1.3982372106209E-06	2.01287542773123E-11	0.010347765801303	4.91925510062119E-07	2.78767626812843E-11	1.74743112165088E-02	9.57417928429312E-12	6.66588180294981E-11	6.83331425846196	0.0000000000011	0.00000000016	60	1.0E+10	1E-30	1.0E-10	1.0E+10	1E-30	1.0E-10	1.0E+10	1E-30	1.0E-10	1.0E+10	1E-30	1.0E-10
132	2.1320176770009E-07	1.0E+10	2272727272.72727	1E-30	0.000000000155	1.0E+10	1E-30	1.0E+10	8.2121154369483E-03	3.68550119241107E-05	1.0E+10	0.216433047995162	4.13791170559033E-05	1.0E+10	3.84626242451903E-02	9.39670146135285E-05	1.0E+10	3.76117530174745E-02	3.11919370098426E-05	1.0E+10	8.60375033555173E-03	2.1640115317464E-05	1.0E+10	9.62654785048936E-04	1E-30	1.72342447879552E-11	7.21906357546777E-02	1E-30	1.41686073666378E-10	0.053414391377553	1.13717989305347E-06	2.59116475905846E-11	1.38413552422664E-02	4.63778448155173E-07	3.11321932466344E-11	2.11642366179096E-02	8.00148289748498E-12	7.49278150938989E-11	10.8818539938188	0.0000000000025	1.0E-10	40	1.0E+10	1E-30	1.0E-10	1.0E+10	1E-30	1.0E-10	1.0E+10	1E-30	1.0E-10	1.0E+10	1E-30	1.0E-10
133	2.1320176770009E-07	1.0E+10	2272727272.72727	1E-30	0.000000000155	1.0E+10	1E-30	1.0E+10	8.2121154369483E-03	3.68550119241107E-05	1.0E+10	0.216433047995162	4.13791170559033E-05	1.0E+10	3.84626242451903E-02	9.39670146135285E-05	1.0E+10	3.76117530174745E-02	3.11919370098426E-05	1.0E+10	8.60375033555173E-03	2.1640115317464E-05	1.0E+10	9.62654785048936E-04	1E-30	1.72342447879552E-11	7.21906357546777E-02	1E-30	1.41686073666378E-10	0.053414391377553	1.13717989305347E-06	2.59116475905846E-11	1.38413552422664E-02	4.63778448155173E-07	3.11321932466344E-11	2.11642366179096E-02	8.00148289748498E-12	7.49278150938989E-11	10.8818539938188	0.0000000000025	1.0E-10	40	1.0E+10	1E-30	1.0E-10	1.0E+10	1E-30	1.0E-10	1.0E+10	1E-30	1.0E-10	1.0E+10	1E-30	1.0E-10
134	3.01952962079999E-07	1.0E+10	1515151515.15152	1E-30	7.31547464547689E-11	1.0E+10	1E-30	1.0E+10	9.69372567081509E-03	1.45160700610576E-05	1.0E+10	1.09640517318018	3.03283690137738E-05	1.0E+10	4.57057748577309E-02	2.38099329651111E-04	1.0E+10	1.40986677924331E-02	2.15711783247006E-05	1.0E+10	9.17926593673051E-03	1E-30	2.3321042046357E-11	8.49413207468692E-02	1E-30	1.37913421068883E-10	5.13647443648794E-02	2.37683498688474E-06	1.78712274600703E-11	7.39659436570172E-03	3.93152385821525E-07	5.01196000764869E-11	1.82842772292342E-02	8.1655376663985E-12	7.10378961149485E-11	9.43624933496626	5.9876352177417E-12	6.09796430539642E-11	12.885654489994	2.55677194723256E-12	9.71288169389894E-11	100000	1.0E+10	1E-30	1.0E-10	1.0E+10	1E-30	1.0E-10	1.0E+10	1E-30	1.0E-10	1.0E+10	1E-30	1.0E-10
135	4.32891217753941E-07	1.0E+10	1063829787.23404	1E-30	0.000000000105	1.0E+10	1E-30	1.0E+10	7.44149286841635E-03	9.47196755921319E-05	1.0E+10	0.124560381494262	7.4461736439752E-05	1.0E+10	7.00454499956986E-02	5.01286539076007E-05	1.0E+10	3.17492952005566E-02	4.65400658643592E-05	1.0E+10	6.77490408447325E-03	7.18256057473114E-05	1.0E+10	7.38617476947408E-04	1E-30	2.2934110847902E-11	8.84734628743425E-02	1E-30	1.59477448350744E-10	4.16724612095321E-02	3.48853701558303E-06	1.83438177065204E-11	6.94590992173478E-03	8.48585904226516E-07	3.86177261870773E-11	1.40678163060214E-02	1.01201566064764E-11	5.92415368983595E-11	8.08710432756226	0.000000000001	0.00000000016	40	1.0E+10	1E-30	1.0E-10	1.0E+10	1E-30	1.0E-10	1.0E+10	1E-30	1.0E-10	1.0E+10	1E-30	1.0E-10
136	3.44906991807831E-07	1.0E+10	1063829787.23404	1E-30	0.00000000006	1.0E+10	1E-30	1.0E+10	8.56051900713003E-03	9.45898098101181E-06	1.0E+10	1.60685163641343	1.27226255885495E-05	1.0E+10	0.306179267278076	1.17543282062773E-05	1.0E+10	0.105104743975338	7.63079420058267E-06	1.0E+10	2.60711629268783E-02	7.25973225244129E-06	1.0E+10	5.48074424640024E-03	1E-30	2.38702159497688E-11	8.99885940808748E-02	1E-30	1.84621974383843E-10	5.80007038415524E-02	1.59253616081004E-06	3.00673594026898E-11	1.13025164677306E-02	7.71890528776369E-07	3.06044510889019E-11	1.76118982499465E-02	7.31656156820794E-12	6.21584786287002E-11	8.8325117271636	0.0000000000011	0.00000000016	60	1.0E+10	1E-30	1.0E-10	1.0E+10	1E-30	1.0E-10	1.0E+10	1E-30	1.0E-10	1.0E+10	1E-30	1.0E-10
137	3.44906991807831E-07	1.0E+10	1063829787.23404	1E-30	0.00000000006	1.0E+10	1E-30	1.0E+10	8.56051900713003E-03	9.45898098101181E-06	1.0E+10	1.60685163641343	1.27226255885495E-05	1.0E+10	0.306179267278076	1.17543282062773E-05	1.0E+10	0.105104743975338	7.63079420058267E-06	1.0E+10	2.60711629268783E-02	7.25973225244129E-06	1.0E+10	5.48074424640024E-03	1E-30	2.38702159497688E-11	8.99885940808748E-02	1E-30	1.84621974383843E-10	5.80007038415524E-02	1.59253616081004E-06	3.00673594026898E-11	1.13025164677306E-02	7.71890528776369E-07	3.06044510889019E-11	1.76118982499465E-02	7.31656156820794E-12	6.21584786287002E-11	8.8325117271636	0.0000000000011	0.00000000016	60	1.0E+10	1E-30	1.0E-10	1.0E+10	1E-30	1.0E-10	1.0E+10	1E-30	1.0E-10	1.0E+10	1E-30	1.0E-10
138	6.45068213129175E-07	1.0E+10	500000000	1E-30	0.000000000055	1.0E+10	1E-30	1.0E+10	8.35090711914004E-03	3.00062777763459E-05	1.0E+10	128.553790829086	4.22089610808324E-05	1.0E+10	12.740209825943	2.39618608302946E-05	1.0E+10	3.32100549742527	2.29550992350229E-05	1.0E+10	0.416783926120007	2.09783379733503E-05	1.0E+10	7.58663261570467E-02	1.9246912639805E-05	1.0E+10	1.73503326672649E-02	3.07903331811651E-05	1.0E+10	3.53512866377328E-03	1E-30	2.43256668466172E-11	8.24646533311963E-02	1E-30	5.46817102906673E-12	4.58100424893029E-02	1E-30	1.52610540481149E-10	4.02386261226434E-02	6.50117771197147E-06	1.38806006689023E-11	6.40921557128315E-03	9.15548952265779E-07	5.23001604560353E-11	1.52636080620927E-02	1.76445799914567E-11	3.10463903001744E-11	6.6536522731078	0.0000000000012	0.00000000016	60	1.0E+10	1E-30	1.0E-10
139	6.45068213129175E-07	1.0E+10	500000000	1E-30	0.000000000055	1.0E+10	1E-30	1.0E+10	8.35090711914004E-03	3.00062777763459E-05	1.0E+10	128.553790829086	4.22089610808324E-05	1.0E+10	12.740209825943	2.39618608302946E-05	1.0E+10	3.32100549742527	2.29550992350229E-05	1.0E+10	0.416783926120007	2.09783379733503E-05	1.0E+10	7.58663261570467E-02	1.9246912639805E-05	1.0E+10	1.73503326672649E-02	3.07903331811651E-05	1.0E+10	3.53512866377328E-03	1E-30	2.43256668466172E-11	8.24646533311963E-02	1E-30	5.46817102906673E-12	4.58100424893029E-02	1E-30	1.52610540481149E-10	4.02386261226434E-02	6.50117771197147E-06	1.38806006689023E-11	6.40921557128315E-03	9.15548952265779E-07	5.23001604560353E-11	1.52636080620927E-02	1.76445799914567E-11	3.10463903001744E-11	6.6536522731078	0.0000000000012	0.00000000016	60	1.0E+10	1E-30	1.0E-10
140	6.68588892720003E-07	1.0E+10	500000000	1E-30	0.000000000055	1.0E+10	1E-30	1.0E+10	8.85524417280801E-03	2.93232515053843E-05	1.0E+10	244.954198570088	3.99717890528529E-05	1.0E+10	20.0232655240059	2.50911485398241E-05	1.0E+10	3.99272679672331	2.38496431874889E-05	1.0E+10	0.528820460478006	1.98886569944661E-05	1.0E+10	0.100742952290238	1.93221617813196E-05	1.0E+10	0.020543499724969	3.37870991225389E-05	1.0E+10	3.35668968798421E-03	1E-30	2.85967488018179E-11	0.077005145102009	1E-30	1.17493153913107E-10	3.90005898612797E-02	1E-30	3.96074508348154E-12	3.31814604186867E-02	7.00849165020978E-06	1.34826648088913E-11	5.25556813814412E-03	6.59662466388368E-07	7.25876634622176E-11	1.68273993461081E-02	9.46664965199675E-12	5.16153605842101E-11	11.3951114289252	0.0000000000012	0.00000000016	60	1.0E+10	1E-30	1.0E-10
141	6.68588892720003E-07	1.0E+10	500000000	1E-30	0.000000000055	1.0E+10	1E-30	1.0E+10	8.85524417280801E-03	2.93232515053843E-05	1.0E+10	244.954198570088	3.99717890528529E-05	1.0E+10	20.0232655240059	2.50911485398241E-05	1.0E+10	3.99272679672331	2.38496431874889E-05	1.0E+10	0.528820460478006	1.98886569944661E-05	1.0E+10	0.100742952290238	1.93221617813196E-05	1.0E+10	0.020543499724969	3.37870991225389E-05	1.0E+10	3.35668968798421E-03	1E-30	2.85967488018179E-11	0.077005145102009	1E-30	1.17493153913107E-10	3.90005898612797E-02	1E-30	3.96074508348154E-12	3.31814604186867E-02	7.00849165020978E-06	1.34826648088913E-11	5.25556813814412E-03	6.59662466388368E-07	7.25876634622176E-11	1.68273993461081E-02	9.46664965199675E-12	5.16153605842101E-11	11.3951114289252	0.0000000000012	0.00000000016	60	1.0E+10	1E-30	1.0E-10
142	1.51296808995647E-06	1.0E+10	227272727.272727	1E-30	0.000000000065	1.0E+10	1E-30	1.0E+10	4.70465348618972E-03	5.16925292132746E-05	1.0E+10	107.862189358234	5.9214734520216E-05	1.0E+10	11.1925837324945	5.00064360796322E-05	1.0E+10	1.70515645001563	4.5826715346135E-05	1.0E+10	0.223702792726091	4.18929516859899E-05	1.0E+10	3.79908640204794E-02	4.30203366830953E-05	1.0E+10	6.1658801148045E-03	3.03227745541836E-05	1.0E+10	2.18695553413576E-03	1E-30	3.60567028015213E-11	9.34522649229922E-02	1E-30	2.47662310215122E-10	3.11221637737162E-02	1.92187996508138E-05	1.25062939885374E-11	3.16429081286366E-03	3.17931659348614E-06	4.25647821721086E-11	7.51307590715565E-03	1.1250327236119E-11	4.07514274640224E-11	7.07334727922093	0.0000000000012	0.00000000016	60	1.0E+10	1E-30	1.0E-10	1.0E+10	1E-30	1.0E-10
143	1.51296808995647E-06	1.0E+10	227272727.272727	1E-30	0.000000000065	1.0E+10	1E-30	1.0E+10	4.70465348618972E-03	5.16925292132746E-05	1.0E+10	107.862189358234	5.9214734520216E-05	1.0E+10	11.1925837324945	5.00064360796322E-05	1.0E+10	1.70515645001563	4.5826715346135E-05	1.0E+10	0.223702792726091	4.18929516859899E-05	1.0E+10	3.79908640204794E-02	4.30203366830953E-05	1.0E+10	6.1658801148045E-03	3.03227745541836E-05	1.0E+10	2.18695553413576E-03	1E-30	3.60567028015213E-11	9.34522649229922E-02	1E-30	2.47662310215122E-10	3.11221637737162E-02	1.92187996508138E-05	1.25062939885374E-11	3.16429081286366E-03	3.17931659348614E-06	4.25647821721086E-11	7.51307590715565E-03	1.1250327236119E-11	4.07514274640224E-11	7.07334727922093	0.0000000000012	0.00000000016	60	1.0E+10	1E-30	1.0E-10	1.0E+10	1E-30	1.0E-10
END DSCRDATA
