BEGIN DSCRDATA
% INDEX	K01	L01	M01	K02	L02	M02	K03	L03	M03	K04	L04	M04	K05	L05	M05	K06	L06	M06	K07	L07	M07	K08	L08	M08	K09	L09	M09	K10	L10	M10	K11	L11	M11	K12	L12	M12	K13	L13	M13	K14	L14	M14	K15	L15	M15	K16	L16	M16	K17	L17	M17	K18	L18	M18
0	1.0E-10	1.0E+10	100000000000	1E-30	7.37985460808022E-11	1.0E+10	1E-30	1.0E+10	0.11	1E-30	1.43628944499973E-11	0.314358164486091	5.90847824990454E-10	9.54572790146811E-12	0.715128908801837	7.23690954377048E-11	2.36984008681195E-11	1.7100527879331	2.64541569427554E-12	7.16627566048377E-11	9.04922356426035	6.38853853400517E-13	2.96232929038841E-10	100000	1.0E+10	1E-30	1.0E-10	1.0E+10	1E-30	1.0E-10	1.0E+10	1E-30	1.0E-10	1.0E+10	1E-30	1.0E-10	1.0E+10	1E-30	1.0E-10	1.0E+10	1E-30	1.0E-10	1.0E+10	1E-30	1.0E-10	1.0E+10	1E-30	1.0E-10	1.0E+10	1E-30	1.0E-10	1.0E+10	1E-30	1.0E-10
1	1.0E-10	1.0E+10	1.0E+10	1E-30	1.37616429982371E-11	1.0E+10	1E-30	1.0E+10	0.155875583727852	2.10053154430906E-09	5.90610852872729E-12	0.342224195572998	1.19103194713733E-10	4.11853629340589E-11	2.04332006386626	4.50568097970002E-11	2.89488933756642E-11	1.49330889332268	7.96150387975219E-13	6.07369666883548E-10	365.466565762987	1.0E+10	1E-30	1.0E-10	1.0E+10	1E-30	1.0E-10	1.0E+10	1E-30	1.0E-10	1.0E+10	1E-30	1.0E-10	1.0E+10	1E-30	1.0E-10	1.0E+10	1E-30	1.0E-10	1.0E+10	1E-30	1.0E-10	1.0E+10	1E-30	1.0E-10	1.0E+10	1E-30	1.0E-10	1.0E+10	1E-30	1.0E-10	1.0E+10	1E-30	1.0E-10
2	0.00000000012	1.0E+10	100000000000	1E-30	7.52215725621667E-11	1.0E+10	1E-30	1.0E+10	0.1	3.89970922559844E-10	1.82059314683718E-11	1.12525658375834	9.55748245624494E-11	2.4268805746169E-11	1.98972456672314	1.37266937397929E-12	2.29297029909915E-10	89.2892885226657	2.13593795018301E-12	1.04944973972468E-10	100000	1.0E+10	1E-30	1.0E-10	1.0E+10	1E-30	1.0E-10	1.0E+10	1E-30	1.0E-10	1.0E+10	1E-30	1.0E-10	1.0E+10	1E-30	1.0E-10	1.0E+10	1E-30	1.0E-10	1.0E+10	1E-30	1.0E-10	1.0E+10	1E-30	1.0E-10	1.0E+10	1E-30	1.0E-10	1.0E+10	1E-30	1.0E-10	1.0E+10	1E-30	1.0E-10
3	0.00000000012	1.0E+10	1.0E+10	1E-30	1.22216453600135E-11	1.0E+10	1E-30	1.0E+10	0.135915299382811	1E-30	1.34205329658207E-10	5.28699822803773	2.52855846408233E-09	6.18595551235113E-12	0.365823581575026	2.10254126079984E-10	3.0215734112017E-11	1.54559262552302	8.23112572541381E-13	4.79035255042621E-10	825.217846046833	1.0E+10	1E-30	1.0E-10	1.0E+10	1E-30	1.0E-10	1.0E+10	1E-30	1.0E-10	1.0E+10	1E-30	1.0E-10	1.0E+10	1E-30	1.0E-10	1.0E+10	1E-30	1.0E-10	1.0E+10	1E-30	1.0E-10	1.0E+10	1E-30	1.0E-10	1.0E+10	1E-30	1.0E-10	1.0E+10	1E-30	1.0E-10	1.0E+10	1E-30	1.0E-10
4	0.00000000015	1.0E+10	100000000000	1E-30	0.00000000001	1.0E+10	1E-30	1.0E+10	0.006	5.4982917112141E-09	1.0E+10	0.115785012110063	1E-30	4.16108235333335E-11	0.14077996963923	1E-30	1.44686577248513E-10	19.6970058201358	8.00742163073375E-13	2.63612694559119E-10	1.0E+10	3.32860145108962E-11	9.39492778558511E-12	2.2500874589066	1.18715402752265E-10	2.37077688164148E-11	1.55610318295688	6.25242585024294E-10	1.40182522487941E-11	0.809335629454975	1.0E+10	1E-30	1.0E-10	1.0E+10	1E-30	1.0E-10	1.0E+10	1E-30	1.0E-10	1.0E+10	1E-30	1.0E-10	1.0E+10	1E-30	1.0E-10	1.0E+10	1E-30	1.0E-10	1.0E+10	1E-30	1.0E-10	1.0E+10	1E-30	1.0E-10
5	0.00000000015	1.0E+10	1.0E+10	1E-30	1.23034440915678E-11	1.0E+10	1E-30	1.0E+10	0.107204082706784	1E-30	1.20894345248021E-10	4.76261405365865	1.75346784994437E-09	1.20332235376343E-11	0.558640771199351	2.60270219658328E-10	3.66680061765452E-11	1.74855429559969	8.80004074811219E-13	4.58502838964042E-10	444.163803647337	1.0E+10	1E-30	1.0E-10	1.0E+10	1E-30	1.0E-10	1.0E+10	1E-30	1.0E-10	1.0E+10	1E-30	1.0E-10	1.0E+10	1E-30	1.0E-10	1.0E+10	1E-30	1.0E-10	1.0E+10	1E-30	1.0E-10	1.0E+10	1E-30	1.0E-10	1.0E+10	1E-30	1.0E-10	1.0E+10	1E-30	1.0E-10	1.0E+10	1E-30	1.0E-10
6	0.00000000018	1.0E+10	100000000000	1E-30	2.09330342313501E-10	1.0E+10	1E-30	1.0E+10	0.085	1E-30	2.47113320842329E-11	0.655730656210194	6.34830972388198E-10	1.56256530789368E-11	0.725177691212585	1.32639402317026E-10	2.37463724016476E-11	1.68034031860057	1.79995186882292E-12	1.49723297757675E-10	100000	4.0932246249658E-12	6.06475737723661E-11	10.4944774293887	1.0E+10	1E-30	1.0E-10	1.0E+10	1E-30	1.0E-10	1.0E+10	1E-30	1.0E-10	1.0E+10	1E-30	1.0E-10	1.0E+10	1E-30	1.0E-10	1.0E+10	1E-30	1.0E-10	1.0E+10	1E-30	1.0E-10	1.0E+10	1E-30	1.0E-10	1.0E+10	1E-30	1.0E-10	1.0E+10	1E-30	1.0E-10
7	0.00000000018	1.0E+10	1.0E+10	1E-30	9.74293380886808E-12	1.0E+10	1E-30	1.0E+10	0.117904858308555	1E-30	1.49743369677447E-10	4.79498224617586	4.34256787756781E-09	5.1972012215948E-12	0.218299198558	3.2596266293652E-10	2.73239773931148E-11	1.08165077539349	9.72345593988204E-13	5.10512125327825E-10	879.441986803947	1.0E+10	1E-30	1.0E-10	1.0E+10	1E-30	1.0E-10	1.0E+10	1E-30	1.0E-10	1.0E+10	1E-30	1.0E-10	1.0E+10	1E-30	1.0E-10	1.0E+10	1E-30	1.0E-10	1.0E+10	1E-30	1.0E-10	1.0E+10	1E-30	1.0E-10	1.0E+10	1E-30	1.0E-10	1.0E+10	1E-30	1.0E-10	1.0E+10	1E-30	1.0E-10
8	0.00000000022	1.0E+10	100000000000	1E-30	2.78873838257643E-11	1.0E+10	1E-30	1.0E+10	7.72007080886243E-02	5.84391163454925E-10	2.44632086402586E-11	0.898757822994773	1.7055388965888E-10	2.79099124715132E-11	1.58688219345221	3.45271532116175E-10	5.94569592739465E-12	0.376770751713841	7.61635615741297E-11	1.40252424249404E-11	1.0972998059602	2.81057835569273E-11	1.64238276452955E-11	2.01578650540989	5.26422843122819E-13	3.46111117753053E-10	100000	1.0E+10	1E-30	1.0E-10	1.0E+10	1E-30	1.0E-10	1.0E+10	1E-30	1.0E-10	1.0E+10	1E-30	1.0E-10	1.0E+10	1E-30	1.0E-10	1.0E+10	1E-30	1.0E-10	1.0E+10	1E-30	1.0E-10	1.0E+10	1E-30	1.0E-10	1.0E+10	1E-30	1.0E-10
9	0.00000000022	1.0E+10	1.0E+10	1E-30	5.19568329278078E-12	1.0E+10	1E-30	1.0E+10	0.104580342221489	1E-30	9.5473293617697E-11	1.81653932773193	3.97467517167622E-09	7.56617150143566E-12	0.224390367331026	3.62393995084423E-10	3.59034605447001E-11	1.15660672115205	8.44415131968179E-13	5.26789755299894E-10	326.424236952275	1.0E+10	1E-30	1.0E-10	1.0E+10	1E-30	1.0E-10	1.0E+10	1E-30	1.0E-10	1.0E+10	1E-30	1.0E-10	1.0E+10	1E-30	1.0E-10	1.0E+10	1E-30	1.0E-10	1.0E+10	1E-30	1.0E-10	1.0E+10	1E-30	1.0E-10	1.0E+10	1E-30	1.0E-10	1.0E+10	1E-30	1.0E-10	1.0E+10	1E-30	1.0E-10
10	0.00000000027	1.0E+10	100000000000	1E-30	6.3416083517065E-11	1.0E+10	1E-30	1.0E+10	0.07	1E-30	3.9998229392208E-11	1.2470104637414	8.63805006072336E-10	2.3272052197612E-11	1.01792743961647	2.49768792285962E-10	2.7714198219222E-11	1.53709170786241	1.32189234550645E-09	2.3153402075743E-12	0.268100035121937	5.1450846577921E-10	3.30702898589727E-12	0.431544598274459	5.91627449141201E-12	5.26884934577472E-11	13.11504063422	1.08206658736243E-12	2.18759715906673E-10	100000	1.0E+10	1E-30	1.0E-10	1.0E+10	1E-30	1.0E-10	1.0E+10	1E-30	1.0E-10	1.0E+10	1E-30	1.0E-10	1.0E+10	1E-30	1.0E-10	1.0E+10	1E-30	1.0E-10	1.0E+10	1E-30	1.0E-10	1.0E+10	1E-30	1.0E-10
11	0.00000000027	1.0E+10	1.0E+10	1E-30	1.17605098590287E-12	1.0E+10	1E-30	1.0E+10	9.79657033140652E-02	1E-30	1.20417865892909E-10	4.60688525346411	2.59963203539963E-09	1.50162220131725E-11	0.390119284048622	4.02806774962819E-10	4.23146238289869E-11	1.25603573250295	1.00301412201742E-12	4.64294384785687E-10	719.474558899315	1.0E+10	1E-30	1.0E-10	1.0E+10	1E-30	1.0E-10	1.0E+10	1E-30	1.0E-10	1.0E+10	1E-30	1.0E-10	1.0E+10	1E-30	1.0E-10	1.0E+10	1E-30	1.0E-10	1.0E+10	1E-30	1.0E-10	1.0E+10	1E-30	1.0E-10	1.0E+10	1E-30	1.0E-10	1.0E+10	1E-30	1.0E-10	1.0E+10	1E-30	1.0E-10
12	0.00000000033	1.0E+10	100000000000	1E-30	0.00000000002	1.0E+10	1E-30	1.0E+10	0.018	1.55246165805937E-08	1.0E+10	0.113908659025252	1E-30	5.11635945205901E-11	8.38344233963086E-02	1E-30	6.55742449107383E-11	4.26997500594458	5.79754117853214E-13	4.16109012433468E-10	1.0E+10	1.6248849657731E-10	1.92456517960962E-12	0.460933822304867	1.71829943598945E-10	1.88029223717653E-11	0.618929507837782	1.20099963493487E-09	1.07607196427199E-11	0.239053390397337	1.0E+10	1E-30	1.0E-10	1.0E+10	1E-30	1.0E-10	1.0E+10	1E-30	1.0E-10	1.0E+10	1E-30	1.0E-10	1.0E+10	1E-30	1.0E-10	1.0E+10	1E-30	1.0E-10	1.0E+10	1E-30	1.0E-10	1.0E+10	1E-30	1.0E-10
13	0.00000000033	1.0E+10	1.0E+10	1E-30	6.17195289197866E-12	1.0E+10	1E-30	1.0E+10	8.73523943863712E-02	1E-30	1.07778729103565E-10	1.37617069255722	1.28217043662534E-08	3.47742832414148E-12	0.111690244312894	7.09022623964499E-10	2.52691096293133E-11	0.713635990804743	7.31052605490708E-13	6.09178809942846E-10	858.373237198524	1.0E+10	1E-30	1.0E-10	1.0E+10	1E-30	1.0E-10	1.0E+10	1E-30	1.0E-10	1.0E+10	1E-30	1.0E-10	1.0E+10	1E-30	1.0E-10	1.0E+10	1E-30	1.0E-10	1.0E+10	1E-30	1.0E-10	1.0E+10	1E-30	1.0E-10	1.0E+10	1E-30	1.0E-10	1.0E+10	1E-30	1.0E-10	1.0E+10	1E-30	1.0E-10
14	0.00000000039	1.0E+10	100000000000	1E-30	3.534663633892E-11	1.0E+10	1E-30	1.0E+10	0.065	1.15203849220947E-09	1.48293641603311E-11	0.286897531432628	2.30902351336716E-10	2.21334460464919E-11	0.720756654489317	7.84958516834726E-10	3.61971843576016E-12	0.29145720355543	7.94794512107747E-13	4.31277860463782E-10	672.323713383677	1.0E+10	1E-30	1.0E-10	1.0E+10	1E-30	1.0E-10	1.0E+10	1E-30	1.0E-10	1.0E+10	1E-30	1.0E-10	1.0E+10	1E-30	1.0E-10	1.0E+10	1E-30	1.0E-10	1.0E+10	1E-30	1.0E-10	1.0E+10	1E-30	1.0E-10	1.0E+10	1E-30	1.0E-10	1.0E+10	1E-30	1.0E-10	1.0E+10	1E-30	1.0E-10
15	0.00000000039	1.0E+10	1.0E+10	1E-30	5.40412413465345E-12	1.0E+10	1E-30	1.0E+10	8.08542766495869E-02	1E-30	1.03676014565296E-10	1.59886452322317	6.59250608338259E-09	8.24877848913333E-12	0.147847899234967	6.00953168260961E-10	3.95889122293631E-11	0.781555687625915	9.20833983988723E-13	5.43483004678551E-10	951.748076346285	1.0E+10	1E-30	1.0E-10	1.0E+10	1E-30	1.0E-10	1.0E+10	1E-30	1.0E-10	1.0E+10	1E-30	1.0E-10	1.0E+10	1E-30	1.0E-10	1.0E+10	1E-30	1.0E-10	1.0E+10	1E-30	1.0E-10	1.0E+10	1E-30	1.0E-10	1.0E+10	1E-30	1.0E-10	1.0E+10	1E-30	1.0E-10	1.0E+10	1E-30	1.0E-10
16	0.00000000047	1.0E+10	100000000000	1E-30	1.81588422927853E-11	1.0E+10	1E-30	1.0E+10	0.06	1E-30	4.80561353280543E-11	1.43785144851026	1.37112646785997E-09	1.74472592019894E-11	0.285756492847376	2.63024934105196E-10	2.63514573046816E-11	0.611055216702792	2.12194178755088E-11	2.10473726411321E-11	2.58961015770059	5.31336202179962E-13	3.93800041542993E-10	100000	1.0E+10	1E-30	1.0E-10	1.0E+10	1E-30	1.0E-10	1.0E+10	1E-30	1.0E-10	1.0E+10	1E-30	1.0E-10	1.0E+10	1E-30	1.0E-10	1.0E+10	1E-30	1.0E-10	1.0E+10	1E-30	1.0E-10	1.0E+10	1E-30	1.0E-10	1.0E+10	1E-30	1.0E-10	1.0E+10	1E-30	1.0E-10
17	0.00000000047	1.0E+10	1.0E+10	1E-30	4.03635203424711E-11	1.0E+10	1E-30	1.0E+10	6.63448984885047E-02	1E-30	8.47043457987764E-11	1.30628838336755	7.45823486877451E-09	9.39299572846426E-12	0.188571541409024	7.11054996406564E-10	4.41073540425117E-11	0.831567226354241	9.51895774389391E-13	4.90656896686982E-10	1270.90751466772	1.0E+10	1E-30	1.0E-10	1.0E+10	1E-30	1.0E-10	1.0E+10	1E-30	1.0E-10	1.0E+10	1E-30	1.0E-10	1.0E+10	1E-30	1.0E-10	1.0E+10	1E-30	1.0E-10	1.0E+10	1E-30	1.0E-10	1.0E+10	1E-30	1.0E-10	1.0E+10	1E-30	1.0E-10	1.0E+10	1E-30	1.0E-10	1.0E+10	1E-30	1.0E-10
18	0.00000000056	1.0E+10	100000000000	1E-30	8.58615572336048E-11	1.0E+10	1E-30	1.0E+10	0.05	1.76064594740877E-09	1.88730882397984E-11	0.350631494589349	3.10077910579322E-10	3.29663002729393E-11	0.710422259521985	2.63815891375236E-10	1.07652808536253E-11	0.557915283458772	3.64206666617661E-12	8.60443178931501E-11	27.7033463659996	1.21940939599467E-12	2.53746896478688E-10	100000	1.0E+10	1E-30	1.0E-10	1.0E+10	1E-30	1.0E-10	1.0E+10	1E-30	1.0E-10	1.0E+10	1E-30	1.0E-10	1.0E+10	1E-30	1.0E-10	1.0E+10	1E-30	1.0E-10	1.0E+10	1E-30	1.0E-10	1.0E+10	1E-30	1.0E-10	1.0E+10	1E-30	1.0E-10	1.0E+10	1E-30	1.0E-10
19	0.00000000056	1.0E+10	100000000000	1E-30	8.58615572336048E-11	1.0E+10	1E-30	1.0E+10	0.05	1.76064594740877E-09	1.88730882397984E-11	0.350631494589349	3.10077910579322E-10	3.29663002729393E-11	0.710422259521985	2.63815891375236E-10	1.07652808536253E-11	0.557915283458772	3.64206666617661E-12	8.60443178931501E-11	27.7033463659996	1.21940939599467E-12	2.53746896478688E-10	100000	1.0E+10	1E-30	1.0E-10	1.0E+10	1E-30	1.0E-10	1.0E+10	1E-30	1.0E-10	1.0E+10	1E-30	1.0E-10	1.0E+10	1E-30	1.0E-10	1.0E+10	1E-30	1.0E-10	1.0E+10	1E-30	1.0E-10	1.0E+10	1E-30	1.0E-10	1.0E+10	1E-30	1.0E-10	1.0E+10	1E-30	1.0E-10
20	0.00000000056	1.0E+10	1.0E+10	1E-30	7.43120811258079E-11	1.0E+10	1E-30	1.0E+10	7.24666157856656E-02	1E-30	9.33496034197542E-11	0.961329139884018	1.37890402479454E-08	5.23403648570574E-12	7.15036066586345E-02	9.38677930406031E-10	3.00606330600861E-11	0.520643390629155	8.71188486192538E-13	5.38676995503975E-10	1667.81181251576	1.0E+10	1E-30	1.0E-10	1.0E+10	1E-30	1.0E-10	1.0E+10	1E-30	1.0E-10	1.0E+10	1E-30	1.0E-10	1.0E+10	1E-30	1.0E-10	1.0E+10	1E-30	1.0E-10	1.0E+10	1E-30	1.0E-10	1.0E+10	1E-30	1.0E-10	1.0E+10	1E-30	1.0E-10	1.0E+10	1E-30	1.0E-10	1.0E+10	1E-30	1.0E-10
21	0.00000000068	1.0E+10	100000000000	1E-30	3.19255791466929E-10	1.0E+10	1E-30	1.0E+10	0.045	1E-30	6.53221582425287E-11	1.48706718021718	2.07286307408358E-09	2.23572965660371E-11	0.416826846625585	5.36953137499324E-10	2.74742411864752E-11	0.667296244305762	3.55526177471848E-12	7.25266214269832E-11	100000	1.0E+10	1E-30	1.0E-10	1.0E+10	1E-30	1.0E-10	1.0E+10	1E-30	1.0E-10	1.0E+10	1E-30	1.0E-10	1.0E+10	1E-30	1.0E-10	1.0E+10	1E-30	1.0E-10	1.0E+10	1E-30	1.0E-10	1.0E+10	1E-30	1.0E-10	1.0E+10	1E-30	1.0E-10	1.0E+10	1E-30	1.0E-10	1.0E+10	1E-30	1.0E-10
22	0.00000000068	1.0E+10	100000000000	1E-30	3.19255791466929E-10	1.0E+10	1E-30	1.0E+10	0.045	1E-30	6.53221582425287E-11	1.48706718021718	2.07286307408358E-09	2.23572965660371E-11	0.416826846625585	5.36953137499324E-10	2.74742411864752E-11	0.667296244305762	3.55526177471848E-12	7.25266214269832E-11	100000	1.0E+10	1E-30	1.0E-10	1.0E+10	1E-30	1.0E-10	1.0E+10	1E-30	1.0E-10	1.0E+10	1E-30	1.0E-10	1.0E+10	1E-30	1.0E-10	1.0E+10	1E-30	1.0E-10	1.0E+10	1E-30	1.0E-10	1.0E+10	1E-30	1.0E-10	1.0E+10	1E-30	1.0E-10	1.0E+10	1E-30	1.0E-10	1.0E+10	1E-30	1.0E-10
23	0.00000000068	1.0E+10	1.0E+10	1E-30	1.64502681860822E-11	1.0E+10	1E-30	1.0E+10	6.50917501835058E-02	1E-30	9.59971338190666E-11	1.05903913727075	1.27211538134976E-08	7.59054252074717E-12	0.103972879166081	1.15407394144093E-09	3.62087330868987E-11	0.579640666607895	7.35624625163914E-13	6.00942271171698E-10	718.312996722778	1.0E+10	1E-30	1.0E-10	1.0E+10	1E-30	1.0E-10	1.0E+10	1E-30	1.0E-10	1.0E+10	1E-30	1.0E-10	1.0E+10	1E-30	1.0E-10	1.0E+10	1E-30	1.0E-10	1.0E+10	1E-30	1.0E-10	1.0E+10	1E-30	1.0E-10	1.0E+10	1E-30	1.0E-10	1.0E+10	1E-30	1.0E-10	1.0E+10	1E-30	1.0E-10
24	0.00000000082	1.0E+10	100000000000	1E-30	2.17685445511813E-10	1.0E+10	1E-30	1.0E+10	0.04	1E-30	3.66323107300813E-11	0.578092967942315	3.2308817746294E-09	1.80678548094197E-11	0.349765716154599	6.15811785025294E-10	3.41325842264618E-11	0.696017746155026	6.71782877414906E-12	4.56119706948664E-11	11.653059153324	1.92259563120294E-12	1.3081643969453E-10	100000	1.0E+10	1E-30	1.0E-10	1.0E+10	1E-30	1.0E-10	1.0E+10	1E-30	1.0E-10	1.0E+10	1E-30	1.0E-10	1.0E+10	1E-30	1.0E-10	1.0E+10	1E-30	1.0E-10	1.0E+10	1E-30	1.0E-10	1.0E+10	1E-30	1.0E-10	1.0E+10	1E-30	1.0E-10	1.0E+10	1E-30	1.0E-10
25	0.00000000082	1.0E+10	100000000000	1E-30	2.17685445511813E-10	1.0E+10	1E-30	1.0E+10	0.04	1E-30	3.66323107300813E-11	0.578092967942315	3.2308817746294E-09	1.80678548094197E-11	0.349765716154599	6.15811785025294E-10	3.41325842264618E-11	0.696017746155026	6.71782877414906E-12	4.56119706948664E-11	11.653059153324	1.92259563120294E-12	1.3081643969453E-10	100000	1.0E+10	1E-30	1.0E-10	1.0E+10	1E-30	1.0E-10	1.0E+10	1E-30	1.0E-10	1.0E+10	1E-30	1.0E-10	1.0E+10	1E-30	1.0E-10	1.0E+10	1E-30	1.0E-10	1.0E+10	1E-30	1.0E-10	1.0E+10	1E-30	1.0E-10	1.0E+10	1E-30	1.0E-10	1.0E+10	1E-30	1.0E-10
26	0.00000000082	1.0E+10	1.0E+10	1E-30	4.53608143911584E-12	1.0E+10	1E-30	1.0E+10	0.053072204920403	1E-30	9.7661170256843E-11	0.777645801174428	1.49382440997652E-08	8.43759550567939E-12	0.12194613892435	1.48134077577604E-09	3.77206541150303E-11	0.586089210649251	9.01055412963727E-13	5.38347419175338E-10	766.005441064875	1.0E+10	1E-30	1.0E-10	1.0E+10	1E-30	1.0E-10	1.0E+10	1E-30	1.0E-10	1.0E+10	1E-30	1.0E-10	1.0E+10	1E-30	1.0E-10	1.0E+10	1E-30	1.0E-10	1.0E+10	1E-30	1.0E-10	1.0E+10	1E-30	1.0E-10	1.0E+10	1E-30	1.0E-10	1.0E+10	1E-30	1.0E-10	1.0E+10	1E-30	1.0E-10
27	9.81417817066685E-10	1.0E+10	100000000000	1E-30	3.16227766016838E-11	1.0E+10	1E-30	1.0E+10	2.28345333659488E-02	1.24369877839945E-08	8.79737471827524E-11	2.64513894541142E-02	3.71806399529306E-09	1.31845171592189E-11	0.136714665301802	5.4861574412399E-10	2.52697198946887E-11	0.33408946608462	4.72475811455006E-12	5.27673807459267E-11	0.820472931777002	5.35034882640426E-13	4.1880212369536E-10	91201.083935591	1.0E+10	1E-30	1.0E-10	1.0E+10	1E-30	1.0E-10	1.0E+10	1E-30	1.0E-10	1.0E+10	1E-30	1.0E-10	1.0E+10	1E-30	1.0E-10	1.0E+10	1E-30	1.0E-10	1.0E+10	1E-30	1.0E-10	1.0E+10	1E-30	1.0E-10	1.0E+10	1E-30	1.0E-10	1.0E+10	1E-30	1.0E-10
28	9.81417817066685E-10	1.0E+10	100000000000	1E-30	3.16227766016838E-11	1.0E+10	1E-30	1.0E+10	2.28345333659488E-02	1.24369877839945E-08	8.79737471827524E-11	2.64513894541142E-02	3.71806399529306E-09	1.31845171592189E-11	0.136714665301802	5.4861574412399E-10	2.52697198946887E-11	0.33408946608462	4.72475811455006E-12	5.27673807459267E-11	0.820472931777002	5.35034882640426E-13	4.1880212369536E-10	91201.083935591	1.0E+10	1E-30	1.0E-10	1.0E+10	1E-30	1.0E-10	1.0E+10	1E-30	1.0E-10	1.0E+10	1E-30	1.0E-10	1.0E+10	1E-30	1.0E-10	1.0E+10	1E-30	1.0E-10	1.0E+10	1E-30	1.0E-10	1.0E+10	1E-30	1.0E-10	1.0E+10	1E-30	1.0E-10	1.0E+10	1E-30	1.0E-10
29	9.92684985722273E-10	1.0E+10	1.0E+10	1E-30	5.25663116086216E-11	1.0E+10	1E-30	1.0E+10	2.97788845232239E-02	1E-30	1.30352259529931E-10	0.69028491860702	7.05084458976476E-08	4.64144859592399E-11	1.69281520923238E-02	2.51783354154742E-08	6.14678397941246E-12	0.149101377942355	2.24333409814177E-09	3.25077136472415E-11	0.544507671361935	7.55874747241887E-13	4.57435796317401E-10	489.896291664316	1.0E+10	1E-30	1.0E-10	1.0E+10	1E-30	1.0E-10	1.0E+10	1E-30	1.0E-10	1.0E+10	1E-30	1.0E-10	1.0E+10	1E-30	1.0E-10	1.0E+10	1E-30	1.0E-10	1.0E+10	1E-30	1.0E-10	1.0E+10	1E-30	1.0E-10	1.0E+10	1E-30	1.0E-10	1.0E+10	1E-30	1.0E-10
30	1.00404606112844E-09	1.0E+10	1.0E+10	1E-30	1.0E-10	1.0E+10	1E-30	1.0E+10	0.266	1.80962990267548E-08	1.0E+10	175.897782034426	6.46352042418075E-08	1.0E+10	2.46235693007914	3.68595226487944E-08	1.0E+10	0.479764285996377	1.05408464747219E-08	1.0E+10	0.188735960951484	1E-30	5.86282092457115E-11	0.245581268612603	2.9019600986719E-12	9.33549209901818E-11	21.937578420149	4.86733421179125E-12	1.09307739731664E-10	11.7767016515457	7.11360977442496E-12	2.71727181739483E-10	16.3531593877498	1.0E+10	1E-30	1.0E-10	1.0E+10	1E-30	1.0E-10	1.0E+10	1E-30	1.0E-10	1.0E+10	1E-30	1.0E-10	1.0E+10	1E-30	1.0E-10	1.0E+10	1E-30	1.0E-10	1.0E+10	1E-30	1.0E-10
31	1.1729972649913E-09	1.0E+10	100000000000	1E-30	2.04743564304547E-10	1.0E+10	1E-30	1.0E+10	0.02	1E-30	7.2921446243332E-11	3.42887165290411E-02	5.93938253161479E-09	1.11185828557278E-11	0.163604092758139	7.49687311882163E-10	2.51092694744387E-11	0.370701541817754	1.05703497214539E-12	2.13917903783322E-10	100000	3.90665526694519E-12	5.01696633174827E-11	1.12708882124486	1.0E+10	1E-30	1.0E-10	1.0E+10	1E-30	1.0E-10	1.0E+10	1E-30	1.0E-10	1.0E+10	1E-30	1.0E-10	1.0E+10	1E-30	1.0E-10	1.0E+10	1E-30	1.0E-10	1.0E+10	1E-30	1.0E-10	1.0E+10	1E-30	1.0E-10	1.0E+10	1E-30	1.0E-10	1.0E+10	1E-30	1.0E-10
32	1.1729972649913E-09	1.0E+10	100000000000	1E-30	2.04743564304547E-10	1.0E+10	1E-30	1.0E+10	0.02	1E-30	7.2921446243332E-11	3.42887165290411E-02	5.93938253161479E-09	1.11185828557278E-11	0.163604092758139	7.49687311882163E-10	2.51092694744387E-11	0.370701541817754	1.05703497214539E-12	2.13917903783322E-10	100000	3.90665526694519E-12	5.01696633174827E-11	1.12708882124486	1.0E+10	1E-30	1.0E-10	1.0E+10	1E-30	1.0E-10	1.0E+10	1E-30	1.0E-10	1.0E+10	1E-30	1.0E-10	1.0E+10	1E-30	1.0E-10	1.0E+10	1E-30	1.0E-10	1.0E+10	1E-30	1.0E-10	1.0E+10	1E-30	1.0E-10	1.0E+10	1E-30	1.0E-10	1.0E+10	1E-30	1.0E-10
33	1.19538238263777E-09	1.0E+10	1.0E+10	1E-30	4.44193469829626E-11	1.0E+10	1E-30	1.0E+10	2.16167882620516E-02	1E-30	7.51396118550897E-11	0.416657082635311	2.42765539513739E-08	6.64178503385201E-11	2.06185432451485E-02	1.34755291094157E-08	7.24651405518696E-12	0.149100724198798	1.53812986674052E-09	2.21762126722447E-11	0.41924145430714	8.04040258073499E-13	4.50300251063694E-10	528.781428937274	1.0E+10	1E-30	1.0E-10	1.0E+10	1E-30	1.0E-10	1.0E+10	1E-30	1.0E-10	1.0E+10	1E-30	1.0E-10	1.0E+10	1E-30	1.0E-10	1.0E+10	1E-30	1.0E-10	1.0E+10	1E-30	1.0E-10	1.0E+10	1E-30	1.0E-10	1.0E+10	1E-30	1.0E-10	1.0E+10	1E-30	1.0E-10
34	1.48383772768957E-09	1.0E+10	100000000000	1E-30	1.46585583143372E-10	1.0E+10	1E-30	1.0E+10	1.55112241810793E-02	1E-30	8.9065649065766E-11	2.47686160855027E-02	7.54444635203129E-09	1.26371761347339E-11	0.160926977214614	1.30394302713257E-09	2.38591627886413E-11	0.363008736642679	5.85530602909309E-12	5.80507515322739E-11	0.614027033702776	9.1930185348473E-13	2.79854849573901E-10	100000	1.0E+10	1E-30	1.0E-10	1.0E+10	1E-30	1.0E-10	1.0E+10	1E-30	1.0E-10	1.0E+10	1E-30	1.0E-10	1.0E+10	1E-30	1.0E-10	1.0E+10	1E-30	1.0E-10	1.0E+10	1E-30	1.0E-10	1.0E+10	1E-30	1.0E-10	1.0E+10	1E-30	1.0E-10	1.0E+10	1E-30	1.0E-10
35	1.49239616315555E-09	1.0E+10	100000000000	1E-30	3.98107170553497E-11	1.0E+10	1E-30	1.0E+10	1.37787358362103E-02	1E-30	5.97745102204985E-11	0.517602268165217	1E-30	7.29894578797201E-11	2.44763927537681E-02	9.63641488641757E-09	9.85970931594266E-12	0.138089827984878	1.46085108647515E-09	2.03460014511044E-11	0.334882138905898	1.82264764029077E-12	1.96361424239531E-10	169.5777946208	1.47857637684907E-12	1.92839647217256E-10	100000	1.0E+10	1E-30	1.0E-10	1.0E+10	1E-30	1.0E-10	1.0E+10	1E-30	1.0E-10	1.0E+10	1E-30	1.0E-10	1.0E+10	1E-30	1.0E-10	1.0E+10	1E-30	1.0E-10	1.0E+10	1E-30	1.0E-10	1.0E+10	1E-30	1.0E-10	1.0E+10	1E-30	1.0E-10
36	1.49437450208211E-09	1.0E+10	1.0E+10	1E-30	2.16526349422233E-10	1.0E+10	1E-30	1.0E+10	1.65187487583763E-02	1E-30	8.08182744603105E-11	0.750877633209419	2.27351799808133E-08	6.23603533899421E-11	2.01489281104208E-02	9.50815109178859E-09	1.51926280969706E-11	0.212905336747305	1.54026588412386E-09	3.58799466533728E-11	0.48263018052265	1.57705533303314E-12	2.20450483825919E-10	253.690411847935	1.0E+10	1E-30	1.0E-10	1.0E+10	1E-30	1.0E-10	1.0E+10	1E-30	1.0E-10	1.0E+10	1E-30	1.0E-10	1.0E+10	1E-30	1.0E-10	1.0E+10	1E-30	1.0E-10	1.0E+10	1E-30	1.0E-10	1.0E+10	1E-30	1.0E-10	1.0E+10	1E-30	1.0E-10	1.0E+10	1E-30	1.0E-10
37	1.55360403269578E-09	1.0E+10	1.0E+10	1E-30	0.00000000011	1.0E+10	1E-30	1.0E+10	0.2314	3.779462688876E-08	1.0E+10	84.2209362512465	1.0794384379888E-07	1.0E+10	2.10631932693278	7.76696625098262E-08	1.0E+10	0.465710507894309	2.06275165675622E-08	1.0E+10	0.192891546796979	1E-30	3.8998958660944E-11	0.323449742950947	3.643237107806E-12	7.43603141139837E-11	17.4740142771262	4.66338499131869E-12	1.24695597789382E-10	12.2234760164656	6.13738642246081E-12	3.36915278861944E-10	19.5840918333441	1.0E+10	1E-30	1.0E-10	1.0E+10	1E-30	1.0E-10	1.0E+10	1E-30	1.0E-10	1.0E+10	1E-30	1.0E-10	1.0E+10	1E-30	1.0E-10	1.0E+10	1E-30	1.0E-10	1.0E+10	1E-30	1.0E-10
38	1.77225091841556E-09	1.0E+10	100000000000	1E-30	4.02668369920433E-11	1.0E+10	1E-30	1.0E+10	0.013	1E-30	5.23411395048614E-11	0.554625419937272	1E-30	6.93098617821296E-11	2.67138619391762E-02	1.11917248446958E-08	1.15275103400807E-11	0.227470992071819	1.43342689054932E-09	2.9377053880508E-11	0.394626698431992	2.13327934210975E-11	1.74601970723435E-11	4.11821092067524	6.89572709598989E-13	3.81715324680675E-10	100000	1.0E+10	1E-30	1.0E-10	1.0E+10	1E-30	1.0E-10	1.0E+10	1E-30	1.0E-10	1.0E+10	1E-30	1.0E-10	1.0E+10	1E-30	1.0E-10	1.0E+10	1E-30	1.0E-10	1.0E+10	1E-30	1.0E-10	1.0E+10	1E-30	1.0E-10	1.0E+10	1E-30	1.0E-10
39	1.77225091841556E-09	1.0E+10	100000000000	1E-30	4.02668369920433E-11	1.0E+10	1E-30	1.0E+10	0.013	1E-30	5.23411395048614E-11	0.554625419937272	1E-30	6.93098617821296E-11	2.67138619391762E-02	1.11917248446958E-08	1.15275103400807E-11	0.227470992071819	1.43342689054932E-09	2.9377053880508E-11	0.394626698431992	2.13327934210975E-11	1.74601970723435E-11	4.11821092067524	6.89572709598989E-13	3.81715324680675E-10	100000	1.0E+10	1E-30	1.0E-10	1.0E+10	1E-30	1.0E-10	1.0E+10	1E-30	1.0E-10	1.0E+10	1E-30	1.0E-10	1.0E+10	1E-30	1.0E-10	1.0E+10	1E-30	1.0E-10	1.0E+10	1E-30	1.0E-10	1.0E+10	1E-30	1.0E-10	1.0E+10	1E-30	1.0E-10
40	1.76284108273797E-09	1.0E+10	1.0E+10	1E-30	3.87501783194072E-11	1.0E+10	1E-30	1.0E+10	1.47356680488898E-02	1E-30	9.23950643988448E-11	0.558844347048358	3.6332418437948E-08	5.43856344920273E-11	1.79141497401813E-02	1.0971398239645E-08	1.68457156061232E-11	0.235505019311264	2.52636048934023E-09	2.8792017970981E-11	0.440306866464252	7.21702413385636E-13	3.90450061047444E-10	468.199997231498	1.0E+10	1E-30	1.0E-10	1.0E+10	1E-30	1.0E-10	1.0E+10	1E-30	1.0E-10	1.0E+10	1E-30	1.0E-10	1.0E+10	1E-30	1.0E-10	1.0E+10	1E-30	1.0E-10	1.0E+10	1E-30	1.0E-10	1.0E+10	1E-30	1.0E-10	1.0E+10	1E-30	1.0E-10	1.0E+10	1E-30	1.0E-10
41	2.16873400553165E-09	1.0E+10	100000000000	1E-30	1.14815362149688E-10	1.0E+10	1E-30	1.0E+10	1.08144783729502E-02	1E-30	1.03779349246835E-10	1.83067783362689E-02	1.12873144093634E-08	1.95404762004422E-11	0.201001254863371	2.12818922785353E-09	4.10513309333139E-11	0.468112699461597	5.98759400480268E-10	3.52445154011569E-11	0.240464680419513	1.00216914282392E-11	4.1052869286565E-11	0.631380986381003	8.54139157665623E-13	2.94348848043561E-10	199526.231496888	1.0E+10	1E-30	1.0E-10	1.0E+10	1E-30	1.0E-10	1.0E+10	1E-30	1.0E-10	1.0E+10	1E-30	1.0E-10	1.0E+10	1E-30	1.0E-10	1.0E+10	1E-30	1.0E-10	1.0E+10	1E-30	1.0E-10	1.0E+10	1E-30	1.0E-10	1.0E+10	1E-30	1.0E-10
42	2.16873400553165E-09	1.0E+10	100000000000	1E-30	1.14815362149688E-10	1.0E+10	1E-30	1.0E+10	1.08144783729502E-02	1E-30	1.03779349246835E-10	1.83067783362689E-02	1.12873144093634E-08	1.95404762004422E-11	0.201001254863371	2.12818922785353E-09	4.10513309333139E-11	0.468112699461597	5.98759400480268E-10	3.52445154011569E-11	0.240464680419513	1.00216914282392E-11	4.1052869286565E-11	0.631380986381003	8.54139157665623E-13	2.94348848043561E-10	199526.231496888	1.0E+10	1E-30	1.0E-10	1.0E+10	1E-30	1.0E-10	1.0E+10	1E-30	1.0E-10	1.0E+10	1E-30	1.0E-10	1.0E+10	1E-30	1.0E-10	1.0E+10	1E-30	1.0E-10	1.0E+10	1E-30	1.0E-10	1.0E+10	1E-30	1.0E-10	1.0E+10	1E-30	1.0E-10
43	2.23529838604376E-09	1.0E+10	1.0E+10	1E-30	7.94868777475777E-11	1.0E+10	1E-30	1.0E+10	1.14545951170674E-02	1E-30	9.77870455887089E-11	0.526303783087602	5.1790393600665E-08	5.22368251120825E-11	1.65229454872628E-02	1.0005485578365E-08	2.53032674034626E-11	0.323969001354844	3.42985030416102E-09	3.08413854080599E-11	0.534586062307788	1.03206353810705E-12	3.00371984737778E-10	359.160948931984	1.0E+10	1E-30	1.0E-10	1.0E+10	1E-30	1.0E-10	1.0E+10	1E-30	1.0E-10	1.0E+10	1E-30	1.0E-10	1.0E+10	1E-30	1.0E-10	1.0E+10	1E-30	1.0E-10	1.0E+10	1E-30	1.0E-10	1.0E+10	1E-30	1.0E-10	1.0E+10	1E-30	1.0E-10	1.0E+10	1E-30	1.0E-10
44	2.16921963010705E-09	1.0E+10	1.0E+10	1E-30	0.00000000009	1.0E+10	1E-30	1.0E+10	0.1692	6.87858516938372E-08	1.0E+10	46.2754881048175	1.5793425185475E-07	1.0E+10	1.43961301457329	1.06417769291743E-07	1.0E+10	0.339901674468168	3.66347692503954E-08	1.0E+10	0.117415368963548	1E-30	8.14536613822076E-11	0.511788448412668	2.89271762645635E-12	9.36531976887251E-11	22.007670798738	4.38059952296424E-12	1.32745204432892E-10	13.0125509757526	6.21840052901332E-12	2.67813433616398E-10	16.4791584502229	1.0E+10	1E-30	1.0E-10	1.0E+10	1E-30	1.0E-10	1.0E+10	1E-30	1.0E-10	1.0E+10	1E-30	1.0E-10	1.0E+10	1E-30	1.0E-10	1.0E+10	1E-30	1.0E-10	1.0E+10	1E-30	1.0E-10
45	2.72922815844557E-09	1.0E+10	100000000000	1E-30	2.59622713389597E-10	1.0E+10	1E-30	1.0E+10	0.01	1E-30	7.88662336020069E-11	0.263660473467792	1E-30	4.79569039769451E-11	1.33365237407879E-02	1.4430770228995E-08	2.06220678259593E-11	0.256188635175454	3.07698674317492E-09	3.78612606627639E-11	0.44114544156616	2.66228216742151E-12	1.03448630335874E-10	100000	1.234413540072E-11	2.21514971578616E-11	0.660624103653565	1.0E+10	1E-30	1.0E-10	1.0E+10	1E-30	1.0E-10	1.0E+10	1E-30	1.0E-10	1.0E+10	1E-30	1.0E-10	1.0E+10	1E-30	1.0E-10	1.0E+10	1E-30	1.0E-10	1.0E+10	1E-30	1.0E-10	1.0E+10	1E-30	1.0E-10	1.0E+10	1E-30	1.0E-10
46	2.72922815844557E-09	1.0E+10	100000000000	1E-30	2.59622713389597E-10	1.0E+10	1E-30	1.0E+10	0.01	1E-30	7.88662336020069E-11	0.263660473467792	1E-30	4.79569039769451E-11	1.33365237407879E-02	1.4430770228995E-08	2.06220678259593E-11	0.256188635175454	3.07698674317492E-09	3.78612606627639E-11	0.44114544156616	2.66228216742151E-12	1.03448630335874E-10	100000	1.234413540072E-11	2.21514971578616E-11	0.660624103653565	1.0E+10	1E-30	1.0E-10	1.0E+10	1E-30	1.0E-10	1.0E+10	1E-30	1.0E-10	1.0E+10	1E-30	1.0E-10	1.0E+10	1E-30	1.0E-10	1.0E+10	1E-30	1.0E-10	1.0E+10	1E-30	1.0E-10	1.0E+10	1E-30	1.0E-10	1.0E+10	1E-30	1.0E-10
47	2.68030725607767E-09	1.0E+10	1.0E+10	1E-30	6.11122459729352E-11	1.0E+10	1E-30	1.0E+10	1.36573846986253E-02	1E-30	7.93580489125036E-11	0.524328968074061	4.15327205028399E-08	5.23953006112252E-11	1.66460440982623E-02	1.39330120005729E-08	2.09129726853198E-11	0.219258297631489	3.8195879226499E-09	3.06125913017199E-11	0.419887900171103	8.14954696724379E-13	4.38105727447345E-10	1289.42967204211	1.0E+10	1E-30	1.0E-10	1.0E+10	1E-30	1.0E-10	1.0E+10	1E-30	1.0E-10	1.0E+10	1E-30	1.0E-10	1.0E+10	1E-30	1.0E-10	1.0E+10	1E-30	1.0E-10	1.0E+10	1E-30	1.0E-10	1.0E+10	1E-30	1.0E-10	1.0E+10	1E-30	1.0E-10	1.0E+10	1E-30	1.0E-10
48	3.25204775603648E-09	1.0E+10	100000000000	1E-30	2.32488983002449E-10	1.0E+10	1E-30	1.0E+10	1.20259597228764E-02	1E-30	7.89089507033608E-11	0.472498351494536	1E-30	6.28781376971346E-11	1.10917647621879E-02	1.43292498282365E-08	2.65336103954678E-11	0.272757547260701	4.19254076233961E-09	3.80401050221909E-11	0.417883163602571	2.39507620174859E-09	2.34462531023858E-11	0.169937767770564	3.84960543449597E-11	1.21851333047364E-11	0.346164603847298	2.17446192992597E-12	1.11712154496031E-10	100000	1.0E+10	1E-30	1.0E-10	1.0E+10	1E-30	1.0E-10	1.0E+10	1E-30	1.0E-10	1.0E+10	1E-30	1.0E-10	1.0E+10	1E-30	1.0E-10	1.0E+10	1E-30	1.0E-10	1.0E+10	1E-30	1.0E-10	1.0E+10	1E-30	1.0E-10
49	3.25204775603648E-09	1.0E+10	100000000000	1E-30	2.32488983002449E-10	1.0E+10	1E-30	1.0E+10	1.20259597228764E-02	1E-30	7.89089507033608E-11	0.472498351494536	1E-30	6.28781376971346E-11	1.10917647621879E-02	1.43292498282365E-08	2.65336103954678E-11	0.272757547260701	4.19254076233961E-09	3.80401050221909E-11	0.417883163602571	2.39507620174859E-09	2.34462531023858E-11	0.169937767770564	3.84960543449597E-11	1.21851333047364E-11	0.346164603847298	2.17446192992597E-12	1.11712154496031E-10	100000	1.0E+10	1E-30	1.0E-10	1.0E+10	1E-30	1.0E-10	1.0E+10	1E-30	1.0E-10	1.0E+10	1E-30	1.0E-10	1.0E+10	1E-30	1.0E-10	1.0E+10	1E-30	1.0E-10	1.0E+10	1E-30	1.0E-10	1.0E+10	1E-30	1.0E-10
50	3.27947078330872E-09	1.0E+10	1.0E+10	1E-30	1.36461135015931E-10	1.0E+10	1E-30	1.0E+10	9.51702921779661E-03	1E-30	8.49095240666593E-11	0.489041261281375	1.71793928715112E-08	2.46289174204791E-11	0.266116846380939	2.27827064608227E-09	8.08325136041818E-11	0.018317496758408	5.40822559482465E-09	3.08500353335621E-11	0.434867023184209	1.16434185471191E-12	3.22080364222701E-10	240.422285507627	1.0E+10	1E-30	1.0E-10	1.0E+10	1E-30	1.0E-10	1.0E+10	1E-30	1.0E-10	1.0E+10	1E-30	1.0E-10	1.0E+10	1E-30	1.0E-10	1.0E+10	1E-30	1.0E-10	1.0E+10	1E-30	1.0E-10	1.0E+10	1E-30	1.0E-10	1.0E+10	1E-30	1.0E-10	1.0E+10	1E-30	1.0E-10
51	0.0000000032005	1.0E+10	1.0E+10	1E-30	0.00000000011	1.0E+10	1E-30	1.0E+10	0.143	1.22131003673248E-07	1.0E+10	26.062987825385	2.27729533166971E-07	1.0E+10	1.27068553550882	1.85431528857086E-07	1.0E+10	0.252439688484942	8.54721030568592E-08	1.0E+10	8.46394944824701E-02	1.36350134938016E-07	1.0E+10	1.94541969912298E-02	2.70140046032746E-12	1.56278791208381E-10	14.7289290711643	3.84035291971858E-11	1.83217361934832E-11	4.42534852483929	5.09881368509201E-12	3.62883876609673E-10	21.6986991662586	1.99381218865969E-09	2.59274578338911E-11	0.147595268109832	1.0E+10	1E-30	1.0E-10	1.0E+10	1E-30	1.0E-10	1.0E+10	1E-30	1.0E-10	1.0E+10	1E-30	1.0E-10	1.0E+10	1E-30	1.0E-10	1.0E+10	1E-30	1.0E-10
52	3.85754522974447E-09	1.0E+10	100000000000	1E-30	2.65185348616689E-10	1.0E+10	1E-30	1.0E+10	0.012	1E-30	6.28249333789549E-11	0.332340961999319	1E-30	7.92123277668714E-11	1.44710724944654E-02	2.11585367156683E-08	1.47479157685776E-11	0.162288885934616	4.06629575193918E-09	2.74011445211015E-11	0.323496759077675	1.9646527751681E-12	1.23037399992761E-10	100000	1.44734296091349E-11	1.30761375760591E-11	0.735612093012364	1.0E+10	1E-30	1.0E-10	1.0E+10	1E-30	1.0E-10	1.0E+10	1E-30	1.0E-10	1.0E+10	1E-30	1.0E-10	1.0E+10	1E-30	1.0E-10	1.0E+10	1E-30	1.0E-10	1.0E+10	1E-30	1.0E-10	1.0E+10	1E-30	1.0E-10	1.0E+10	1E-30	1.0E-10
53	3.97202661215125E-09	1.0E+10	1.0E+10	1E-30	1.48299713814559E-10	1.0E+10	1E-30	1.0E+10	8.88254677632609E-03	1E-30	9.86536954517864E-11	0.348944860100926	9.75900006883868E-08	6.1446845581713E-11	1.03669613818619E-02	1.74048042832104E-08	3.03478951125717E-11	0.310265674710884	7.04508403840044E-09	3.16571022470837E-11	0.394861310468529	1.19216066432184E-12	2.84174451832457E-10	175.709749899209	1.0E+10	1E-30	1.0E-10	1.0E+10	1E-30	1.0E-10	1.0E+10	1E-30	1.0E-10	1.0E+10	1E-30	1.0E-10	1.0E+10	1E-30	1.0E-10	1.0E+10	1E-30	1.0E-10	1.0E+10	1E-30	1.0E-10	1.0E+10	1E-30	1.0E-10	1.0E+10	1E-30	1.0E-10	1.0E+10	1E-30	1.0E-10
54	4.67230980028064E-09	1.0E+10	100000000000	1E-30	1.20226443461741E-10	1.0E+10	1E-30	1.0E+10	1.13437014079048E-02	1E-30	6.55547783476321E-11	0.014398335754084	1.77031769566253E-08	2.32513754010969E-11	0.179063981014569	4.75160352849549E-09	3.16789918133094E-11	0.321301389858539	1.75663736108448E-09	2.46349259714709E-11	0.123878943822736	7.19030612136349E-12	5.24906552996313E-11	0.521022229074154	9.12626187051198E-13	2.21409416076045E-10	100000	1.0E+10	1E-30	1.0E-10	1.0E+10	1E-30	1.0E-10	1.0E+10	1E-30	1.0E-10	1.0E+10	1E-30	1.0E-10	1.0E+10	1E-30	1.0E-10	1.0E+10	1E-30	1.0E-10	1.0E+10	1E-30	1.0E-10	1.0E+10	1E-30	1.0E-10	1.0E+10	1E-30	1.0E-10
55	4.69344314966875E-09	1.0E+10	1.0E+10	1E-30	1.70547017662491E-10	1.0E+10	1E-30	1.0E+10	7.81806079161281E-03	1E-30	8.12997864697814E-11	0.45420595494564	1E-30	7.02221835735843E-11	1.64545770844374E-02	2.06288392808397E-08	3.30672840408817E-11	0.398129799580537	6.91674235346801E-09	4.49409456954005E-11	0.393828285662188	1.68909579148465E-12	2.19487935412077E-10	81.7279287143468	1.0E+10	1E-30	1.0E-10	1.0E+10	1E-30	1.0E-10	1.0E+10	1E-30	1.0E-10	1.0E+10	1E-30	1.0E-10	1.0E+10	1E-30	1.0E-10	1.0E+10	1E-30	1.0E-10	1.0E+10	1E-30	1.0E-10	1.0E+10	1E-30	1.0E-10	1.0E+10	1E-30	1.0E-10	1.0E+10	1E-30	1.0E-10
56	0.00000000466	1.0E+10	1.0E+10	1E-30	0.000000000105	1.0E+10	1E-30	1.0E+10	0.1254	2.03743502464263E-07	1.0E+10	13.0192244306303	3.66866459885458E-07	1.0E+10	0.667419307503235	2.83040001302864E-07	1.0E+10	0.165383963978577	1.68896184243683E-07	1.0E+10	4.28329131737429E-02	1E-30	5.07297299045548E-11	0.318744293573488	3.55259826404534E-12	7.62574982006797E-11	17.9198357104037	3.17077346585762E-12	1.67794169762802E-10	14.1429794906092	8.17362388113976E-12	2.20375382225652E-10	16.3007642550408	5.19845951537903E-09	2.1418260489888E-11	0.102052632208352	1.0E+10	1E-30	1.0E-10	1.0E+10	1E-30	1.0E-10	1.0E+10	1E-30	1.0E-10	1.0E+10	1E-30	1.0E-10	1.0E+10	1E-30	1.0E-10	1.0E+10	1E-30	1.0E-10
57	5.70196299677084E-09	1.0E+10	100000000000	1E-30	0.000000000001	1.0E+10	1E-30	1.0E+10	4.66215563207267E-03	1E-30	1.04343208552418E-10	0.34197220706437	1E-30	8.94106620137035E-11	7.3002392769084E-03	1E-30	6.66457298988329E-11	1.34103951879112E-03	1.63293367066171E-08	4.04463269029733E-11	0.296619408952833	8.55683210122129E-09	3.20478008167697E-11	0.424018791291164	1.30305103925997E-08	9.5607699968752E-12	7.44184089634641E-02	9.395164252933E-09	8.19097607395856E-12	9.49265329978928E-02	3.89510904062166E-11	9.00083482351986E-12	1.33437113334155	6.65127807169852E-13	3.40514011220325E-10	100000	1.0E+10	1E-30	1.0E-10	1.0E+10	1E-30	1.0E-10	1.0E+10	1E-30	1.0E-10	1.0E+10	1E-30	1.0E-10	1.0E+10	1E-30	1.0E-10	1.0E+10	1E-30	1.0E-10
58	5.5245363454053E-09	1.0E+10	1.0E+10	1E-30	1.91016553778221E-12	1.0E+10	1E-30	1.0E+10	6.79343349159903E-03	1E-30	1.42096859969641E-10	0.343800347409198	1.22436567238919E-07	4.15205885812914E-11	7.97207886576603E-03	2.65908281245726E-08	3.07734698297949E-11	0.362179075444932	9.47315721222022E-09	3.80833676171564E-11	0.394908403784492	7.41846545027086E-13	3.59173522578999E-10	543.48228332617	1.0E+10	1E-30	1.0E-10	1.0E+10	1E-30	1.0E-10	1.0E+10	1E-30	1.0E-10	1.0E+10	1E-30	1.0E-10	1.0E+10	1E-30	1.0E-10	1.0E+10	1E-30	1.0E-10	1.0E+10	1E-30	1.0E-10	1.0E+10	1E-30	1.0E-10	1.0E+10	1E-30	1.0E-10	1.0E+10	1E-30	1.0E-10
59	6.75006680018528E-09	1.0E+10	100000000000	1E-30	6.48054432735685E-11	1.0E+10	1E-30	1.0E+10	7.1481792201656E-03	1E-30	6.6302326786929E-11	0.38867657218099	1E-30	1.0644431498188E-10	1.23350209158823E-02	2.73230431994246E-08	2.80717694176341E-11	0.252890391912277	7.05624864563046E-09	4.09920374975862E-11	0.373363903451657	5.34537778361471E-09	1.6538949725424E-11	0.119952406003942	1.26004856842548E-10	3.72271010541966E-12	0.211014156240042	7.35071099396521E-13	3.41383770603077E-10	100000	1.0E+10	1E-30	1.0E-10	1.0E+10	1E-30	1.0E-10	1.0E+10	1E-30	1.0E-10	1.0E+10	1E-30	1.0E-10	1.0E+10	1E-30	1.0E-10	1.0E+10	1E-30	1.0E-10	1.0E+10	1E-30	1.0E-10	1.0E+10	1E-30	1.0E-10
60	6.77527621633293E-09	1.0E+10	1.0E+10	1E-30	1.46993257877421E-10	1.0E+10	1E-30	1.0E+10	7.15191922229507E-02	3.26752074186546E-07	1.0E+10	5.81256378607102	4.24227734308525E-07	1.0E+10	0.437888036076514	2.4411913609817E-07	1.0E+10	9.05499814796408E-02	1E-30	8.03328035082758E-11	0.270989533822182	2.68336426072928E-08	2.26664065030917E-11	7.68183756217044E-02	6.19177052229132E-09	3.96659576379336E-11	0.134034166325873	1.08657997744267E-11	8.81649056310451E-11	11.6216550191676	3.23343740597803E-12	1.25230452011725E-10	26.5268029764834	1.0E+10	1E-30	1.0E-10	1.0E+10	1E-30	1.0E-10	1.0E+10	1E-30	1.0E-10	1.0E+10	1E-30	1.0E-10	1.0E+10	1E-30	1.0E-10	1.0E+10	1E-30	1.0E-10	1.0E+10	1E-30	1.0E-10
61	6.27867152799135E-09	1.0E+10	1.0E+10	1E-30	1.05665879830228E-10	1.0E+10	1E-30	1.0E+10	0.095	2.73975502788531E-07	1.0E+10	7.17743754351433	3.52388628094166E-07	1.0E+10	0.595116934234993	4.07922297795548E-07	1.0E+10	7.91933448588878E-02	3.61993689340478E-07	1.0E+10	3.03874951898375E-02	3.5575195403268E-09	4.73891249436725E-11	0.136191253657552	2.7973297416836E-11	2.53821839474575E-10	3.01066251497293	4.72844940932312E-12	1.65700335694269E-10	14.8354164541564	1.99220468615152E-12	1.02481357789077E-10	100000	1.0E+10	1E-30	1.0E-10	1.0E+10	1E-30	1.0E-10	1.0E+10	1E-30	1.0E-10	1.0E+10	1E-30	1.0E-10	1.0E+10	1E-30	1.0E-10	1.0E+10	1E-30	1.0E-10	1.0E+10	1E-30	1.0E-10
62	6.42435837672705E-09	1.0E+10	1.0E+10	1E-30	0.00000000011	1.0E+10	1E-30	1.0E+10	0.0901	3.36599177857997E-07	1.0E+10	7.88053732556643	5.44985347410242E-07	1.0E+10	0.486725450045571	4.5737402532035E-07	1.0E+10	0.102345727541442	2.10694091611135E-07	1.0E+10	4.44343522136958E-02	1E-30	6.17440208752497E-11	0.186215579889388	2.44691071944069E-12	1.10716036174013E-10	26.0172865037388	4.89310816086602E-12	1.05647534758404E-10	11.734996454537	7.80587370576923E-12	1.83958628103225E-10	17.2368987062272	5.88076345869757E-09	3.28551807236786E-11	7.95989801472756E-02	1.0E+10	1E-30	1.0E-10	1.0E+10	1E-30	1.0E-10	1.0E+10	1E-30	1.0E-10	1.0E+10	1E-30	1.0E-10	1.0E+10	1E-30	1.0E-10	1.0E+10	1E-30	1.0E-10
63	8.24514614789609E-09	1.0E+10	100000000000	1E-30	4.59367517732682E-11	1.0E+10	1E-30	1.0E+10	0.007	1E-30	8.95634784230897E-11	0.240106752154894	1E-30	5.30133889796753E-11	4.73635414185534E-03	2.58236936852395E-08	3.75278986250651E-11	0.198005510524995	1.11838344954057E-08	3.6074138112845E-11	0.334031691865269	1.15760420302463E-12	3.12840991353658E-10	97.4890879661812	1.0E+10	1E-30	1.0E-10	1.0E+10	1E-30	1.0E-10	1.0E+10	1E-30	1.0E-10	1.0E+10	1E-30	1.0E-10	1.0E+10	1E-30	1.0E-10	1.0E+10	1E-30	1.0E-10	1.0E+10	1E-30	1.0E-10	1.0E+10	1E-30	1.0E-10	1.0E+10	1E-30	1.0E-10	1.0E+10	1E-30	1.0E-10
64	9.69114724010366E-09	1.0E+10	1.0E+10	1E-30	1.60477832960944E-10	1.0E+10	1E-30	1.0E+10	6.00871086456579E-02	3.33654077886288E-07	1.0E+10	15.9001946067564	6.43795240439832E-07	1.0E+10	0.824045354250433	4.73294300258039E-07	1.0E+10	0.141113187687381	3.15811178101844E-07	1.0E+10	0.026623881963158	1E-30	1.04459330028923E-10	0.562574852259044	2.41117275802768E-09	1.04323575787202E-10	0.194139043849598	8.03806577275432E-11	8.08023702841021E-11	1.16471496261293	8.6550508875802E-12	1.05578967776717E-10	9.67825153313103	5.90078345372469E-12	7.77663128789348E-11	8.42869766468433	1.0E+10	1E-30	1.0E-10	1.0E+10	1E-30	1.0E-10	1.0E+10	1E-30	1.0E-10	1.0E+10	1E-30	1.0E-10	1.0E+10	1E-30	1.0E-10	1.0E+10	1E-30	1.0E-10
65	9.84615312678533E-09	1.0E+10	100000000000	1E-30	2.05893549552295E-10	1.0E+10	1E-30	1.0E+10	4.22157223206456E-03	1E-30	1.32357557654019E-10	0.265088467468172	1E-30	1.12381450926097E-10	6.31790054613568E-03	3.99799260063814E-08	3.28475093314078E-11	0.276663342431859	1.58953887898029E-08	3.65733532449408E-11	0.292998057032973	1.40571641335876E-07	1.9724449212028E-12	3.63409013283586E-02	1.81111373187086E-08	9.20309687090393E-12	8.87890180506823E-02	7.84098971435982E-11	5.62249178641674E-12	0.133788643939436	2.35712555889004E-12	1.01861075141698E-10	100000	1.0E+10	1E-30	1.0E-10	1.0E+10	1E-30	1.0E-10	1.0E+10	1E-30	1.0E-10	1.0E+10	1E-30	1.0E-10	1.0E+10	1E-30	1.0E-10	1.0E+10	1E-30	1.0E-10	1.0E+10	1E-30	1.0E-10
66	1.00747291273652E-08	1.0E+10	1.0E+10	1E-30	1.29809075491731E-10	1.0E+10	1E-30	1.0E+10	5.24552607772541E-02	4.5146771436057E-07	1.0E+10	11.7509283631582	9.41729932661759E-07	1.0E+10	0.89283766362445	6.05992927963284E-07	1.0E+10	0.235630400280182	3.79518282166783E-07	1.0E+10	4.42044687255842E-02	1E-30	9.99206864614314E-11	0.220345407890266	4.42518601483192E-08	3.08977654728141E-11	0.116097800877882	1.26343768404892E-08	3.40385571179645E-11	0.107419978054673	1.22893262921278E-11	8.3826191716486E-11	6.68529118193319	2.22988729271464E-12	1.53506097463906E-10	27.4513603672805	1.0E+10	1E-30	1.0E-10	1.0E+10	1E-30	1.0E-10	1.0E+10	1E-30	1.0E-10	1.0E+10	1E-30	1.0E-10	1.0E+10	1E-30	1.0E-10	1.0E+10	1E-30	1.0E-10
67	9.57011694896589E-09	1.0E+10	1.0E+10	1E-30	0.000000000069	1.0E+10	1E-30	1.0E+10	0.0709	6.09454290344147E-07	1.0E+10	3.73061947416278	7.36205807243775E-07	1.0E+10	0.360304463611299	7.15403870237807E-07	1.0E+10	6.54319599423037E-02	2.76535277030176E-07	1.0E+10	2.61605523634394E-02	1E-30	3.29163232553466E-11	0.144773551051057	1E-30	2.73610226720937E-11	0.206297250771248	1.34201077262081E-12	3.10238045635203E-10	17.365241651695	1.20899924392886E-11	1.72013835659546E-10	12.4186555163596	6.24984224813772E-09	4.81920290529149E-11	0.100800674863936	1.88314081522858E-07	5.25433189066693E-12	1.26287810839036E-02	1.0E+10	1E-30	1.0E-10	1.0E+10	1E-30	1.0E-10	1.0E+10	1E-30	1.0E-10	1.0E+10	1E-30	1.0E-10	1.0E+10	1E-30	1.0E-10
68	1.18928068649623E-08	1.0E+10	83333333000	1E-30	1.32855674483565E-11	1.0E+10	1E-30	1.0E+10	0.005	1E-30	9.96201924364109E-11	0.191124204678385	1E-30	4.55349392161139E-11	4.27681435801313E-03	3.11508126519316E-08	4.39717557388752E-11	0.252195759837076	1.75232388806306E-08	3.03258152126549E-11	0.29304234747683	2.35164898706499E-11	1.34155023123238E-11	0.446636180765473	5.12171545093544E-13	3.05355601390547E-10	100000	1.0E+10	1E-30	1.0E-10	1.0E+10	1E-30	1.0E-10	1.0E+10	1E-30	1.0E-10	1.0E+10	1E-30	1.0E-10	1.0E+10	1E-30	1.0E-10	1.0E+10	1E-30	1.0E-10	1.0E+10	1E-30	1.0E-10	1.0E+10	1E-30	1.0E-10	1.0E+10	1E-30	1.0E-10
69	1.48454443666277E-08	1.0E+10	66666666666.6667	1E-30	2.2303028358722E-10	1.0E+10	1E-30	1.0E+10	3.71029140931474E-03	1E-30	1.15786645009937E-10	0.224927371981595	1E-30	6.61778529461894E-11	3.94273680189754E-03	4.31106645687199E-08	4.49069237945034E-11	0.200948150002856	1.80515598969581E-08	4.62289003838394E-11	0.28507001992423	6.88422718047167E-08	5.61128101583547E-12	5.24825284030232E-02	3.10875820521565E-08	7.68288440083373E-12	0.10892088707435	5.84630927715899E-11	8.02351589116853E-12	0.286957176562193	3.91389105609403E-12	6.66669022675152E-11	100000	1.0E+10	1E-30	1.0E-10	1.0E+10	1E-30	1.0E-10	1.0E+10	1E-30	1.0E-10	1.0E+10	1E-30	1.0E-10	1.0E+10	1E-30	1.0E-10	1.0E+10	1E-30	1.0E-10	1.0E+10	1E-30	1.0E-10
70	1.40436765515105E-08	1.0E+10	1.0E+10	1E-30	7.95091927278146E-12	1.0E+10	1E-30	1.0E+10	0.050101600298423	7.77329706132243E-07	1.0E+10	2.13879502392732	9.49207599805363E-07	1.0E+10	0.22262182215013	7.00256265491363E-07	1.0E+10	0.041151238558245	1E-30	1.01881402376646E-10	0.340603291945535	6.59421811656236E-08	1.3097445859371E-11	2.84748451811716E-02	1.16164819716875E-08	2.5998017143481E-11	8.40787588014379E-02	7.2860176460886E-11	1.0413901311834E-10	1.43403832631129	6.64435651794454E-12	9.31321148228039E-11	8.39294396743794	5.95123970443986E-13	2.11783355840027E-10	387.15309972024	1.0E+10	1E-30	1.0E-10	1.0E+10	1E-30	1.0E-10	1.0E+10	1E-30	1.0E-10	1.0E+10	1E-30	1.0E-10	1.0E+10	1E-30	1.0E-10	1.0E+10	1E-30	1.0E-10
71	1.53368655678509E-08	1.0E+10	1.0E+10	1E-30	1.78444025088597E-10	1.0E+10	1E-30	1.0E+10	3.90894888382324E-02	9.41430798518326E-07	1.0E+10	2.55877282472689	1.09487606580512E-06	1.0E+10	0.289963658189576	9.10563069742769E-07	1.0E+10	5.12809544099859E-02	1.1710502609287E-06	1.0E+10	1.27830592544321E-02	1E-30	9.99405814336029E-11	0.202446620625773	8.84343472106538E-08	2.38323629076281E-11	6.41752247593828E-02	1.92873777951648E-08	4.69212961257372E-11	0.109631151069003	1.36748432149385E-11	1.11314856367523E-10	8.90376907755867	1.81629146142222E-12	1.6031284042572E-10	14.6602945840948	1.0E+10	1E-30	1.0E-10	1.0E+10	1E-30	1.0E-10	1.0E+10	1E-30	1.0E-10	1.0E+10	1E-30	1.0E-10	1.0E+10	1E-30	1.0E-10	1.0E+10	1E-30	1.0E-10
72	1.41992493785436E-08	1.0E+10	6666666666.66667	1E-30	1.19247637051702E-10	1.0E+10	1E-30	1.0E+10	6.13241649020997E-02	7.69250544459147E-07	1.0E+10	1.68171469588506	7.14938162214053E-07	1.0E+10	0.121555934749584	1E-30	9.42640117737854E-11	0.138657930186857	3.83068453205885E-08	2.10838539848652E-11	3.90895612275303E-02	9.52916744643147E-12	2.29579480295528E-10	16.9227912456931	6.92506300126857E-12	1.23104250005354E-10	10.6161847839511	3.67448540361108E-12	1.08859677690302E-10	13.0450247523871	1.0E+10	1E-30	1.0E-10	1.0E+10	1E-30	1.0E-10	1.0E+10	1E-30	1.0E-10	1.0E+10	1E-30	1.0E-10	1.0E+10	1E-30	1.0E-10	1.0E+10	1E-30	1.0E-10	1.0E+10	1E-30	1.0E-10	1.0E+10	1E-30	1.0E-10
73	1.77638169861162E-08	1.0E+10	55555556000	1E-30	1.4497601424634E-12	1.0E+10	1E-30	1.0E+10	0.004	1E-30	1.2309157828629E-10	0.169239510816726	1E-30	7.82493159240472E-11	2.57067565706904E-03	5.18173798144436E-08	4.61932909004083E-11	0.241412564090609	3.02220355990199E-08	3.5795531546625E-11	0.242226313694358	1.90435201518678E-11	1.44855285125209E-11	0.634914723613337	6.17489973078903E-13	3.49616103085109E-10	100000	1.0E+10	1E-30	1.0E-10	1.0E+10	1E-30	1.0E-10	1.0E+10	1E-30	1.0E-10	1.0E+10	1E-30	1.0E-10	1.0E+10	1E-30	1.0E-10	1.0E+10	1E-30	1.0E-10	1.0E+10	1E-30	1.0E-10	1.0E+10	1E-30	1.0E-10	1.0E+10	1E-30	1.0E-10
74	2.0701654201997E-08	1.0E+10	1.0E+10	1E-30	1.5777541598373E-10	1.0E+10	1E-30	1.0E+10	3.70604772127336E-02	1.09871154081426E-06	1.0E+10	4.82853285203336	1.38564176422971E-06	1.0E+10	0.382866979524036	1.14150042937961E-06	1.0E+10	5.85090164705229E-02	1.96283445454828E-06	1.0E+10	2.70280805262854E-03	1E-30	1.08338311050742E-10	0.254589609230992	1.20114378003106E-07	1.40589862938415E-11	2.65005648345912E-02	1.58975030110569E-08	3.93419900448903E-11	8.34276421592755E-02	2.1241617602504E-10	3.31245644289643E-11	0.524034693539593	1.26805837790453E-11	4.47519854166218E-11	6.46756608876938	3.75196060287518E-12	8.52426244355809E-11	11.1629316493701	1.0E+10	1E-30	1.0E-10	1.0E+10	1E-30	1.0E-10	1.0E+10	1E-30	1.0E-10	1.0E+10	1E-30	1.0E-10	1.0E+10	1E-30	1.0E-10
75	2.20982250324221E-08	1.0E+10	45454545454.5455	1E-30	1.31984579698387E-11	1.0E+10	1E-30	1.0E+10	3.14089364481576E-03	1E-30	1.58614687169931E-10	0.172548845918909	1E-30	5.80869924986599E-11	3.40969286521911E-03	5.15685020128608E-08	6.99642629367513E-11	0.2704284565451	3.75076353378446E-08	4.09147661653757E-11	0.263568747819719	9.40710423999289E-08	7.62429774636749E-12	6.56519644885273E-02	1.0450440607157E-07	4.65952541646928E-12	0.106899061219302	1.8297626087092E-11	1.02059104868936E-11	0.289937325447498	6.68990688079076E-13	2.76120681019666E-10	100000	1.0E+10	1E-30	1.0E-10	1.0E+10	1E-30	1.0E-10	1.0E+10	1E-30	1.0E-10	1.0E+10	1E-30	1.0E-10	1.0E+10	1E-30	1.0E-10	1.0E+10	1E-30	1.0E-10	1.0E+10	1E-30	1.0E-10
76	2.13252072187724E-08	1.0E+10	1.0E+10	1E-30	8.0306301353305E-11	1.0E+10	1E-30	1.0E+10	3.54032519472449E-02	1.16025000930129E-06	1.0E+10	4.57243243025236	2.02900191303393E-06	1.0E+10	0.329167099324286	1.58523852569434E-06	1.0E+10	8.60209547647399E-02	1.29087147858816E-06	1.0E+10	1.63612270534259E-02	1E-30	9.73510670450993E-11	0.152918698524006	9.72186909680254E-08	2.71405885474604E-11	5.15240948720807E-02	2.72100437677724E-08	3.97827834261776E-11	7.79883312942449E-02	1.30847520693109E-11	1.17325069744877E-10	9.00752989657225	1.8570291746289E-12	2.21540118138994E-10	30.0716006212052	1.0E+10	1E-30	1.0E-10	1.0E+10	1E-30	1.0E-10	1.0E+10	1E-30	1.0E-10	1.0E+10	1E-30	1.0E-10	1.0E+10	1E-30	1.0E-10	1.0E+10	1E-30	1.0E-10
77	2.1211899756602E-08	1.0E+10	4545454545.45455	1E-30	1.27697868478708E-10	1.0E+10	1E-30	1.0E+10	4.54251279801681E-02	1.2251690900396E-06	1.0E+10	1.24057807136246	1.08179656456246E-06	1.0E+10	0.09071404517882	1E-30	1.28974332338417E-10	0.168153204453236	2.931477561189E-08	4.24794526498937E-11	6.18710643186462E-02	1.22219670018876E-11	1.32262086345361E-10	13.1462883278447	4.79165187311643E-12	1.38022247053052E-10	10.3761488599	5.02038450503143E-12	8.19378109331083E-11	18.0456981346823	1.0E+10	1E-30	1.0E-10	1.0E+10	1E-30	1.0E-10	1.0E+10	1E-30	1.0E-10	1.0E+10	1E-30	1.0E-10	1.0E+10	1E-30	1.0E-10	1.0E+10	1E-30	1.0E-10	1.0E+10	1E-30	1.0E-10	1.0E+10	1E-30	1.0E-10
78	3.17092340684476E-08	1.0E+10	1.0E+10	1E-30	2.90347560005881E-11	1.0E+10	1E-30	1.0E+10	2.67879826309402E-02	1.94672412745341E-06	1.0E+10	0.93641857174675	2.3585925391665E-06	1.0E+10	0.103580698027995	1.9742056631406E-06	1.0E+10	2.11648041894145E-02	1E-30	8.46740209797869E-11	0.137550610728278	1.41084872578936E-07	2.32116275361801E-11	3.97357736810218E-02	3.31501138476397E-08	3.91081958465911E-11	7.39986160259549E-02	5.70534150702431E-11	1.16440298804604E-10	1.34996463681592	5.0625894113655E-12	8.45628645006439E-11	8.3559252206926	7.17753446962463E-13	1.65289798687703E-10	100000	1.0E+10	1E-30	1.0E-10	1.0E+10	1E-30	1.0E-10	1.0E+10	1E-30	1.0E-10	1.0E+10	1E-30	1.0E-10	1.0E+10	1E-30	1.0E-10	1.0E+10	1E-30	1.0E-10
79	3.17092340684476E-08	1.0E+10	1.0E+10	1E-30	2.90347560005881E-11	1.0E+10	1E-30	1.0E+10	2.67879826309402E-02	1.94672412745341E-06	1.0E+10	0.93641857174675	2.3585925391665E-06	1.0E+10	0.103580698027995	1.9742056631406E-06	1.0E+10	2.11648041894145E-02	1E-30	8.46740209797869E-11	0.137550610728278	1.41084872578936E-07	2.32116275361801E-11	3.97357736810218E-02	3.31501138476397E-08	3.91081958465911E-11	7.39986160259549E-02	5.70534150702431E-11	1.16440298804604E-10	1.34996463681592	5.0625894113655E-12	8.45628645006439E-11	8.3559252206926	7.17753446962463E-13	1.65289798687703E-10	100000	1.0E+10	1E-30	1.0E-10	1.0E+10	1E-30	1.0E-10	1.0E+10	1E-30	1.0E-10	1.0E+10	1E-30	1.0E-10	1.0E+10	1E-30	1.0E-10	1.0E+10	1E-30	1.0E-10
80	3.22037145344682E-08	1.0E+10	1.0E+10	1E-30	1.05289196439529E-10	1.0E+10	1E-30	1.0E+10	2.39195828240892E-02	1.9722894293481E-06	1.0E+10	0.698874690560119	2.35017439572655E-06	1.0E+10	8.96998046242217E-02	1.54396055199875E-06	1.0E+10	1.84867247326862E-02	1E-30	1.22690649889894E-10	0.117972228081912	2.11394779607608E-07	2.80553641885948E-11	4.97640202060758E-02	4.24330448016048E-08	4.34404702791943E-11	0.056647490530309	1.47659826328091E-11	9.89043047720574E-11	8.48676372748821	1.50805587214371E-12	2.10228704611798E-10	22.4420910457265	1.0E+10	1E-30	1.0E-10	1.0E+10	1E-30	1.0E-10	1.0E+10	1E-30	1.0E-10	1.0E+10	1E-30	1.0E-10	1.0E+10	1E-30	1.0E-10	1.0E+10	1E-30	1.0E-10	1.0E+10	1E-30	1.0E-10
81	4.64290666458013E-08	1.0E+10	1.0E+10	1E-30	1.33412041568591E-10	1.0E+10	1E-30	1.0E+10	0.023519161512874	2.72899823786082E-06	1.0E+10	1.9439971400965	3.62775580792101E-06	1.0E+10	0.1841029853163	3.93510719328529E-06	1.0E+10	2.68993824559714E-02	9.10622481569756E-06	1.0E+10	4.62765004351384E-03	1E-30	3.43664239825986E-11	0.28790748030369	1E-30	1.27951170964651E-10	0.164662597548263	2.67683102679698E-07	2.32818607034116E-11	3.82973900921222E-02	6.45766895270462E-08	4.0859519278714E-11	6.16147034857049E-02	1.15211467499703E-11	1.01200992023829E-10	8.91236008660755	2.33813840160666E-12	1.4739498572782E-10	19.4483101822167	1.0E+10	1E-30	1.0E-10	1.0E+10	1E-30	1.0E-10	1.0E+10	1E-30	1.0E-10	1.0E+10	1E-30	1.0E-10	1.0E+10	1E-30	1.0E-10
82	4.65093246652344E-08	1.0E+10	1.0E+10	1E-30	1.39256525946063E-10	1.0E+10	1E-30	1.0E+10	2.09087889954807E-02	3.1016544425222E-06	1.0E+10	1.71043063243879	4.64347642766335E-06	1.0E+10	0.181073806649222	4.51027478509895E-06	1.0E+10	4.27066863241266E-02	3.20511587504315E-06	1.0E+10	1.31478621390068E-02	1E-30	1.07452357299161E-10	0.12859868049598	1.72700274808157E-07	4.20987390847207E-11	6.14378266117186E-02	4.38021165281579E-08	4.52858242034699E-11	5.28147051183407E-02	1.32744005976179E-11	8.15472811950812E-11	7.18763338422178	2.45263802002764E-12	1.42412795517845E-10	27.0380541605058	1.0E+10	1E-30	1.0E-10	1.0E+10	1E-30	1.0E-10	1.0E+10	1E-30	1.0E-10	1.0E+10	1E-30	1.0E-10	1.0E+10	1E-30	1.0E-10	1.0E+10	1E-30	1.0E-10
83	4.64290666458013E-08	1.0E+10	1.0E+10	1E-30	1.33412041568591E-10	1.0E+10	1E-30	1.0E+10	0.023519161512874	2.72899823786082E-06	1.0E+10	1.9439971400965	3.62775580792101E-06	1.0E+10	0.1841029853163	3.93510719328529E-06	1.0E+10	2.68993824559714E-02	9.10622481569756E-06	1.0E+10	4.62765004351384E-03	1E-30	3.43664239825986E-11	0.28790748030369	1E-30	1.27951170964651E-10	0.164662597548263	2.67683102679698E-07	2.32818607034116E-11	3.82973900921222E-02	6.45766895270462E-08	4.0859519278714E-11	6.16147034857049E-02	1.15211467499703E-11	1.01200992023829E-10	8.91236008660755	2.33813840160666E-12	1.4739498572782E-10	19.4483101822167	1.0E+10	1E-30	1.0E-10	1.0E+10	1E-30	1.0E-10	1.0E+10	1E-30	1.0E-10	1.0E+10	1E-30	1.0E-10	1.0E+10	1E-30	1.0E-10
84	6.56994484882233E-08	1.0E+10	7352941176.47059	1E-30	4.04170361526756E-11	1.0E+10	1E-30	1.0E+10	0.02	4.19025436042222E-06	1.0E+10	0.658356329922019	5.52905468402928E-06	1.0E+10	6.48880609467469E-02	4.02000736589145E-06	1.0E+10	1.26259094769998E-02	1E-30	9.2550578036943E-11	0.130212463854908	2.9429947574783E-07	3.86334618569849E-11	0.040154673050889	4.40024876054744E-08	5.6737188079897E-11	4.31800620911302E-02	1.11375371979745E-11	8.84874873655022E-11	7.48764969277705	8.47169203609724E-13	2.34421871753761E-10	86.8588419296841	1.0E+10	1E-30	1.0E-10	1.0E+10	1E-30	1.0E-10	1.0E+10	1E-30	1.0E-10	1.0E+10	1E-30	1.0E-10	1.0E+10	1E-30	1.0E-10	1.0E+10	1E-30	1.0E-10	1.0E+10	1E-30	1.0E-10
85	6.4416836755126E-08	1.0E+10	7352941176.47059	1E-30	1.13543083774355E-10	1.0E+10	1E-30	1.0E+10	2.07573414045863E-02	4.01761366700673E-06	1.0E+10	0.418531197480296	4.84588881931057E-06	1.0E+10	3.87324899642005E-02	3.24123132756474E-06	1.0E+10	8.10132591171548E-03	1E-30	1.30897895344137E-10	0.109558748768875	7.10890441478551E-07	1.37609664566818E-11	2.04686961282893E-02	6.91395434171313E-08	6.60206772384843E-11	4.70519462231496E-02	1.24872784309248E-11	9.67101497215938E-11	7.80515340933228	1.31149902896586E-12	1.77611946716319E-10	18.1970085860998	1.0E+10	1E-30	1.0E-10	1.0E+10	1E-30	1.0E-10	1.0E+10	1E-30	1.0E-10	1.0E+10	1E-30	1.0E-10	1.0E+10	1E-30	1.0E-10	1.0E+10	1E-30	1.0E-10	1.0E+10	1E-30	1.0E-10
86	6.56994484882233E-08	1.0E+10	7352941176.47059	1E-30	4.04170361526756E-11	1.0E+10	1E-30	1.0E+10	0.02	4.19025436042222E-06	1.0E+10	0.658356329922019	5.52905468402928E-06	1.0E+10	6.48880609467469E-02	4.02000736589145E-06	1.0E+10	1.26259094769998E-02	1E-30	9.2550578036943E-11	0.130212463854908	2.9429947574783E-07	3.86334618569849E-11	0.040154673050889	4.40024876054744E-08	5.6737188079897E-11	4.31800620911302E-02	1.11375371979745E-11	8.84874873655022E-11	7.48764969277705	8.47169203609724E-13	2.34421871753761E-10	86.8588419296841	1.0E+10	1E-30	1.0E-10	1.0E+10	1E-30	1.0E-10	1.0E+10	1E-30	1.0E-10	1.0E+10	1E-30	1.0E-10	1.0E+10	1E-30	1.0E-10	1.0E+10	1E-30	1.0E-10	1.0E+10	1E-30	1.0E-10
87	9.98740573458315E-08	1.0E+10	5000000000	1E-30	1.67653124124959E-10	1.0E+10	1E-30	1.0E+10	1.50200986537734E-02	1.04912284641803E-05	1.0E+10	0.846199297117176	4.06702693690283E-05	1.0E+10	0.267591713332383	8.37428040004496E-06	1.0E+10	0.175111170310359	6.8288457015694E-06	1.0E+10	2.59785458190196E-02	1.67464005932688E-05	1.0E+10	1.56572851630848E-03	1E-30	1.07229397614565E-10	0.08477262767056	1E-30	1.23526680559738E-11	6.15069497406132E-02	4.32772959821179E-07	3.42662683087397E-11	0.03683540632902	9.54565920431761E-08	6.46017743095743E-11	4.77251221954318E-02	8.918133719031E-12	8.70874276450607E-11	9.67508265293758	3.01140519485231E-12	1.23147065632613E-10	20.6377058926513	1.0E+10	1E-30	1.0E-10	1.0E+10	1E-30	1.0E-10	1.0E+10	1E-30	1.0E-10	1.0E+10	1E-30	1.0E-10
88	9.98740573458315E-08	1.0E+10	5000000000	1E-30	1.67653124124959E-10	1.0E+10	1E-30	1.0E+10	1.50200986537734E-02	1.04912284641803E-05	1.0E+10	0.846199297117176	4.06702693690283E-05	1.0E+10	0.267591713332383	8.37428040004496E-06	1.0E+10	0.175111170310359	6.8288457015694E-06	1.0E+10	2.59785458190196E-02	1.67464005932688E-05	1.0E+10	1.56572851630848E-03	1E-30	1.07229397614565E-10	0.08477262767056	1E-30	1.23526680559738E-11	6.15069497406132E-02	4.32772959821179E-07	3.42662683087397E-11	0.03683540632902	9.54565920431761E-08	6.46017743095743E-11	4.77251221954318E-02	8.918133719031E-12	8.70874276450607E-11	9.67508265293758	3.01140519485231E-12	1.23147065632613E-10	20.6377058926513	1.0E+10	1E-30	1.0E-10	1.0E+10	1E-30	1.0E-10	1.0E+10	1E-30	1.0E-10	1.0E+10	1E-30	1.0E-10
89	9.98740573458315E-08	1.0E+10	5000000000	1E-30	1.67653124124959E-10	1.0E+10	1E-30	1.0E+10	1.50200986537734E-02	1.04912284641803E-05	1.0E+10	0.846199297117176	4.06702693690283E-05	1.0E+10	0.267591713332383	8.37428040004496E-06	1.0E+10	0.175111170310359	6.8288457015694E-06	1.0E+10	2.59785458190196E-02	1.67464005932688E-05	1.0E+10	1.56572851630848E-03	1E-30	1.07229397614565E-10	0.08477262767056	1E-30	1.23526680559738E-11	6.15069497406132E-02	4.32772959821179E-07	3.42662683087397E-11	0.03683540632902	9.54565920431761E-08	6.46017743095743E-11	4.77251221954318E-02	8.918133719031E-12	8.70874276450607E-11	9.67508265293758	3.01140519485231E-12	1.23147065632613E-10	20.6377058926513	1.0E+10	1E-30	1.0E-10	1.0E+10	1E-30	1.0E-10	1.0E+10	1E-30	1.0E-10	1.0E+10	1E-30	1.0E-10
90	9.80635251929505E-08	1.0E+10	5000000000	1E-30	1.07464429249021E-10	1.0E+10	1E-30	1.0E+10	1.50054097290544E-02	7.45985818276628E-06	1.0E+10	0.228716475931255	8.45863926992589E-06	1.0E+10	2.16974049280764E-02	2.72734641190835E-05	1.0E+10	1.56788740790937E-03	1E-30	1.74416131673035E-11	0.106107781627401	1E-30	1.29400694227777E-10	0.101913440589763	4.09978098280083E-07	3.56919834933328E-11	3.68588171662919E-02	1.05624005429377E-07	5.94154143747655E-11	0.049266948275019	9.90512528775116E-12	9.38630446497002E-11	9.28522379067926	2.32661416046203E-12	1.61214124970255E-10	19.9344390235818	1.0E+10	1E-30	1.0E-10	1.0E+10	1E-30	1.0E-10	1.0E+10	1E-30	1.0E-10	1.0E+10	1E-30	1.0E-10	1.0E+10	1E-30	1.0E-10	1.0E+10	1E-30	1.0E-10
91	1.43499648059149E-07	1.0E+10	3333333333.33333	1E-30	2.18781238742545E-11	1.0E+10	1E-30	1.0E+10	0.015346825186702	1.1036717064113E-05	1.0E+10	0.221521741599809	1.60971641449481E-05	1.0E+10	0.023693194342046	1.45973174754834E-05	1.0E+10	4.51198313327155E-03	1E-30	2.05665175933254E-11	0.105171438632912	1E-30	1.45944668771901E-10	6.49877771852727E-02	8.19446673386338E-07	3.10752497252648E-11	2.22742578994023E-02	2.29530650790918E-07	5.05786656207334E-11	2.73425061375777E-02	8.87020604965117E-12	1.13755843387382E-10	12.0843765480981	2.43660773468507E-12	1.31142047207757E-10	14.4148545985893	8.45696644816328E-13	1.48855271964514E-10	100000	1.0E+10	1E-30	1.0E-10	1.0E+10	1E-30	1.0E-10	1.0E+10	1E-30	1.0E-10	1.0E+10	1E-30	1.0E-10	1.0E+10	1E-30	1.0E-10
92	1.47296190584845E-07	1.0E+10	3333333333.33333	1E-30	2.28596221160861E-10	1.0E+10	1E-30	1.0E+10	9.4241569324581E-03	1.10556850413461E-05	1.0E+10	0.166597345128098	1.25180384046758E-05	1.0E+10	1.86566787609691E-02	1.73226011447556E-05	1.0E+10	2.21819205237548E-03	1E-30	1.3406534551807E-11	8.10883795204053E-02	1E-30	1.50024290118877E-10	6.65758868260737E-02	5.46772203165837E-07	3.95736247874494E-11	3.92173204621492E-02	2.36135655793364E-07	3.95754105119193E-11	3.80319202159442E-02	1.44760468868471E-11	7.2542069811526E-11	7.36184921862053	5.57327424872183E-12	6.64119072677404E-11	8.17442149151731	1.0E+10	1E-30	1.0E-10	1.0E+10	1E-30	1.0E-10	1.0E+10	1E-30	1.0E-10	1.0E+10	1E-30	1.0E-10	1.0E+10	1E-30	1.0E-10	1.0E+10	1E-30	1.0E-10
93	2.1153827902016E-07	1.0E+10	2273000000	1E-30	1.55334015362739E-10	1.0E+10	1E-30	1.0E+10	8.98539115587048E-03	3.27672278208964E-05	1.0E+10	0.147733512097635	4.82467284469635E-05	1.0E+10	0.137872935536963	2.08362702832477E-04	1.0E+10	4.26068102957116E-02	2.61653737154819E-05	1.0E+10	3.09406422463802E-02	2.07844833295467E-05	1.0E+10	8.38973153805393E-03	1E-30	1.85256957457088E-11	5.83411557547257E-02	1E-30	1.46733912854012E-10	5.47906320165717E-02	9.10363386417429E-07	3.56670925014926E-11	3.26977921721753E-02	2.5937729079441E-07	5.28292716857651E-11	3.29473566695999E-02	1.68974264261685E-11	5.63219520640287E-11	6.25294898029515	2.60901456010027E-12	1.27633215078013E-10	20.4590429259915	1.0E+10	1E-30	1.0E-10	1.0E+10	1E-30	1.0E-10	1.0E+10	1E-30	1.0E-10	1.0E+10	1E-30	1.0E-10
94	2.1153827902016E-07	1.0E+10	2273000000	1E-30	1.55334015362739E-10	1.0E+10	1E-30	1.0E+10	8.98539115587048E-03	3.27672278208964E-05	1.0E+10	0.147733512097635	4.82467284469635E-05	1.0E+10	0.137872935536963	2.08362702832477E-04	1.0E+10	4.26068102957116E-02	2.61653737154819E-05	1.0E+10	3.09406422463802E-02	2.07844833295467E-05	1.0E+10	8.38973153805393E-03	1E-30	1.85256957457088E-11	5.83411557547257E-02	1E-30	1.46733912854012E-10	5.47906320165717E-02	9.10363386417429E-07	3.56670925014926E-11	3.26977921721753E-02	2.5937729079441E-07	5.28292716857651E-11	3.29473566695999E-02	1.68974264261685E-11	5.63219520640287E-11	6.25294898029515	2.60901456010027E-12	1.27633215078013E-10	20.4590429259915	1.0E+10	1E-30	1.0E-10	1.0E+10	1E-30	1.0E-10	1.0E+10	1E-30	1.0E-10	1.0E+10	1E-30	1.0E-10
95	2.03869679788799E-07	1.0E+10	2272700000	1E-30	1.05337269027112E-10	1.0E+10	1E-30	1.0E+10	1.10446083095754E-02	1.42737521481189E-05	1.0E+10	0.189447932808225	1.59018592482741E-05	1.0E+10	2.05546160756552E-02	1E-30	1.14875971643319E-10	7.04970552852792E-02	1E-30	2.5282415183239E-11	6.77451413509404E-02	1.28099266925582E-06	2.25910203278348E-11	1.33582526325937E-02	2.08747512300759E-07	6.0359154066438E-11	0.034370414719039	1.05178376857185E-11	1.08878496013736E-10	10.1926142453793	2.01297167504377E-12	1.65190990643758E-10	23.0080670828211	1.0E+10	1E-30	1.0E-10	1.0E+10	1E-30	1.0E-10	1.0E+10	1E-30	1.0E-10	1.0E+10	1E-30	1.0E-10	1.0E+10	1E-30	1.0E-10	1.0E+10	1E-30	1.0E-10	1.0E+10	1E-30	1.0E-10
96	3.1338316247234E-07	1.0E+10	1515200000	1E-30	1.42745272864382E-10	1.0E+10	1E-30	1.0E+10	8.52973460790792E-03	2.58807255282431E-05	1.0E+10	8.08380330723268E-02	2.40331144227557E-05	1.0E+10	1.38546787836777E-02	1E-30	1.50421576298314E-11	0.113392456728219	1E-30	1.09936383832448E-10	6.15596608013271E-02	1.39259251181544E-06	2.87327625392674E-11	1.47984429882447E-02	2.54766235138168E-07	6.80170789807319E-11	3.04065697661277E-02	1.16098107965037E-11	8.10715473832153E-11	8.97970780249758	4.54121727307916E-12	8.60146500985373E-11	15.6802742491487	1.0E+10	1E-30	1.0E-10	1.0E+10	1E-30	1.0E-10	1.0E+10	1E-30	1.0E-10	1.0E+10	1E-30	1.0E-10	1.0E+10	1E-30	1.0E-10	1.0E+10	1E-30	1.0E-10	1.0E+10	1E-30	1.0E-10
97	3.09116497850891E-07	1.0E+10	1515151515.15152	1E-30	8.58310591252391E-11	1.0E+10	1E-30	1.0E+10	7.78499519261661E-03	2.15742119212563E-05	1.0E+10	7.65012630434219E-02	2.27117088678844E-05	1.0E+10	8.67532424786893E-03	1E-30	1.47605200081492E-10	5.55544759655451E-02	1E-30	1.06177931811326E-11	5.14407335378735E-02	1.40186662901475E-06	2.87361028145375E-11	1.77056859482879E-02	3.55962124614846E-07	4.80524268348277E-11	2.64443667311395E-02	1.06562446644621E-11	7.30049319968383E-11	8.18127940099869	5.33597663590302E-12	6.49777859031702E-11	9.67467106262318	1.93660536930731E-12	9.70912753767598E-11	100000	1.0E+10	1E-30	1.0E-10	1.0E+10	1E-30	1.0E-10	1.0E+10	1E-30	1.0E-10	1.0E+10	1E-30	1.0E-10	1.0E+10	1E-30	1.0E-10	1.0E+10	1E-30	1.0E-10
98	3.1391788383051E-07	1.0E+10	1515151515.15152	1E-30	7.13011244219254E-11	1.0E+10	1E-30	1.0E+10	7.71493899771077E-03	2.38525381599659E-05	1.0E+10	6.03561691543811E-02	2.71309020488871E-05	1.0E+10	0.007956063697732	1E-30	1.4536111340773E-10	0.049185528867799	1E-30	5.44306979241209E-12	1.92525096858743E-02	1.61091013656687E-06	2.82829728433686E-11	1.87257531862178E-02	4.82331915496732E-07	4.11652493990557E-11	2.52492454813185E-02	1.19839638088318E-11	1.04953055197792E-10	10.2628227724781	1.118395872773E-12	2.4739845760424E-10	49.1311710492682	1.0E+10	1E-30	1.0E-10	1.0E+10	1E-30	1.0E-10	1.0E+10	1E-30	1.0E-10	1.0E+10	1E-30	1.0E-10	1.0E+10	1E-30	1.0E-10	1.0E+10	1E-30	1.0E-10	1.0E+10	1E-30	1.0E-10
99	4.5177343063891E-07	1.0E+10	1063800000	1E-30	1.09820283682205E-10	1.0E+10	1E-30	1.0E+10	7.8367687104887E-03	3.8865629935227E-05	1.0E+10	0.146262558402007	3.97342487444563E-05	1.0E+10	2.11608871291482E-02	6.48849816317947E-05	1.0E+10	0.002360509779058	1E-30	1.74497723856265E-11	5.26272736641584E-02	1E-30	1.39394407126712E-10	4.47718587417991E-02	2.44785745507622E-06	2.28305474962136E-11	1.08363433473798E-02	4.84593565873307E-07	4.97821123562354E-11	1.93193969860538E-02	1.19421400178089E-11	7.0514799035566E-11	9.8693613772566	2.18789300813702E-12	1.63500689508651E-10	30.3097817740592	1.0E+10	1E-30	1.0E-10	1.0E+10	1E-30	1.0E-10	1.0E+10	1E-30	1.0E-10	1.0E+10	1E-30	1.0E-10	1.0E+10	1E-30	1.0E-10	1.0E+10	1E-30	1.0E-10
100	4.3280049991267E-07	1.0E+10	1063800000	1E-30	1.14726832350307E-10	1.0E+10	1E-30	1.0E+10	6.14787676812502E-03	3.83824057272909E-05	1.0E+10	0.138218662150135	4.10279664390288E-05	1.0E+10	1.29306061942255E-02	1.44885511123613E-04	1.0E+10	0.012107338802582	2.42807195326399E-05	1.0E+10	2.34119357978264E-03	1E-30	1.56244421146765E-10	4.49237339396984E-02	1E-30	9.58542763572952E-12	2.89089686802475E-02	1.5097146252741E-06	4.48615008414239E-11	2.10841095962755E-02	6.88445745090428E-07	4.23034810352389E-11	2.10163709970665E-02	1.18538157956575E-11	8.40028661364737E-11	8.96787306352445	1.68781238645708E-12	2.00103566911689E-10	37.7186337460126	1.0E+10	1E-30	1.0E-10	1.0E+10	1E-30	1.0E-10	1.0E+10	1E-30	1.0E-10	1.0E+10	1E-30	1.0E-10	1.0E+10	1E-30	1.0E-10
101	4.3280049991267E-07	1.0E+10	1063800000	1E-30	1.14726832350307E-10	1.0E+10	1E-30	1.0E+10	6.14787676812502E-03	3.83824057272909E-05	1.0E+10	0.138218662150135	4.10279664390288E-05	1.0E+10	1.29306061942255E-02	1.44885511123613E-04	1.0E+10	0.012107338802582	2.42807195326399E-05	1.0E+10	2.34119357978264E-03	1E-30	1.56244421146765E-10	4.49237339396984E-02	1E-30	9.58542763572952E-12	2.89089686802475E-02	1.5097146252741E-06	4.48615008414239E-11	2.10841095962755E-02	6.88445745090428E-07	4.23034810352389E-11	2.10163709970665E-02	1.18538157956575E-11	8.40028661364737E-11	8.96787306352445	1.68781238645708E-12	2.00103566911689E-10	37.7186337460126	1.0E+10	1E-30	1.0E-10	1.0E+10	1E-30	1.0E-10	1.0E+10	1E-30	1.0E-10	1.0E+10	1E-30	1.0E-10	1.0E+10	1E-30	1.0E-10
102	4.3280049991267E-07	1.0E+10	1063800000	1E-30	1.14726832350307E-10	1.0E+10	1E-30	1.0E+10	6.14787676812502E-03	3.83824057272909E-05	1.0E+10	0.138218662150135	4.10279664390288E-05	1.0E+10	1.29306061942255E-02	1.44885511123613E-04	1.0E+10	0.012107338802582	2.42807195326399E-05	1.0E+10	2.34119357978264E-03	1E-30	1.56244421146765E-10	4.49237339396984E-02	1E-30	9.58542763572952E-12	2.89089686802475E-02	1.5097146252741E-06	4.48615008414239E-11	2.10841095962755E-02	6.88445745090428E-07	4.23034810352389E-11	2.10163709970665E-02	1.18538157956575E-11	8.40028661364737E-11	8.96787306352445	1.68781238645708E-12	2.00103566911689E-10	37.7186337460126	1.0E+10	1E-30	1.0E-10	1.0E+10	1E-30	1.0E-10	1.0E+10	1E-30	1.0E-10	1.0E+10	1E-30	1.0E-10	1.0E+10	1E-30	1.0E-10
103	6.44241207663772E-07	1.0E+10	735294117.647059	1E-30	8.88165409429667E-11	1.0E+10	1E-30	1.0E+10	0.0066	3.92465375235665E-05	1.0E+10	3.12303849159875E-02	5.61485663776789E-05	1.0E+10	2.53577193396769E-03	1E-30	1.59319216112758E-11	7.29014881563914E-02	1E-30	1.52541140846065E-10	4.33611488852921E-02	4.21764781659609E-06	2.06854024297984E-11	8.54930173142625E-03	6.39160957660912E-07	5.73286285288083E-11	1.64295359152706E-02	1.11385646404623E-11	8.53743293258E-11	8.63246404334607	4.42905467598275E-12	7.05044511066645E-11	8.89784514003733	1.62577894735223E-12	1.15653782769024E-10	100000	1.0E+10	1E-30	1.0E-10	1.0E+10	1E-30	1.0E-10	1.0E+10	1E-30	1.0E-10	1.0E+10	1E-30	1.0E-10	1.0E+10	1E-30	1.0E-10	1.0E+10	1E-30	1.0E-10
104	6.54044256091505E-07	1.0E+10	735294117.647059	1E-30	1.98990840888225E-11	1.0E+10	1E-30	1.0E+10	6.20534167207193E-03	4.42434736758166E-05	1.0E+10	3.46261747793864E-02	5.82612196579927E-05	1.0E+10	3.68227339179427E-03	1E-30	1.73134517629003E-10	3.49051069934885E-02	1E-30	1.57251243960841E-11	2.13146951419572E-02	3.62985871870507E-06	2.83169373118545E-11	1.11825543067055E-02	1.19311834022423E-06	3.87899012685178E-11	1.53074919939272E-02	1.16685097522834E-11	1.18249170569031E-10	9.61792231893171	8.9675885960644E-13	2.76735191356731E-10	102.46081155624	1.0E+10	1E-30	1.0E-10	1.0E+10	1E-30	1.0E-10	1.0E+10	1E-30	1.0E-10	1.0E+10	1E-30	1.0E-10	1.0E+10	1E-30	1.0E-10	1.0E+10	1E-30	1.0E-10	1.0E+10	1E-30	1.0E-10
105	6.66198132829256E-07	1.0E+10	735294117.647059	1E-30	1.03309304229686E-11	1.0E+10	1E-30	1.0E+10	5.2356427402545E-03	7.75598871013288E-05	1.0E+10	2.03528096651398E-02	1.43521314385259E-04	1.0E+10	2.20800102803028E-03	1E-30	1.7371522436437E-10	3.64199264314656E-02	1E-30	1.17872912773588E-11	2.63470553794182E-02	3.88630995662944E-06	2.82626000259316E-11	1.23877809992574E-02	1.1612724148006E-06	4.28751580290625E-11	1.69241696752466E-02	1.45453690517431E-11	9.42778013050755E-11	8.70510355585496	3.77524372621971E-12	9.707884430816E-11	12.9695318145282	9.48696804374518E-13	2.0551872190336E-10	100000	1.0E+10	1E-30	1.0E-10	1.0E+10	1E-30	1.0E-10	1.0E+10	1E-30	1.0E-10	1.0E+10	1E-30	1.0E-10	1.0E+10	1E-30	1.0E-10	1.0E+10	1E-30	1.0E-10
106	6.66198132829256E-07	1.0E+10	735294117.647059	1E-30	1.03309304229686E-11	1.0E+10	1E-30	1.0E+10	5.2356427402545E-03	7.75598871013288E-05	1.0E+10	2.03528096651398E-02	1.43521314385259E-04	1.0E+10	2.20800102803028E-03	1E-30	1.7371522436437E-10	3.64199264314656E-02	1E-30	1.17872912773588E-11	2.63470553794182E-02	3.88630995662944E-06	2.82626000259316E-11	1.23877809992574E-02	1.1612724148006E-06	4.28751580290625E-11	1.69241696752466E-02	1.45453690517431E-11	9.42778013050755E-11	8.70510355585496	3.77524372621971E-12	9.707884430816E-11	12.9695318145282	9.48696804374518E-13	2.0551872190336E-10	100000	1.0E+10	1E-30	1.0E-10	1.0E+10	1E-30	1.0E-10	1.0E+10	1E-30	1.0E-10	1.0E+10	1E-30	1.0E-10	1.0E+10	1E-30	1.0E-10	1.0E+10	1E-30	1.0E-10
107	9.76333093294342E-07	1.0E+10	500000000	1E-30	1.60850005775245E-10	1.0E+10	1E-30	1.0E+10	5.37304675022549E-03	1.12991944712087E-04	1.0E+10	36.4461277858011	1.90623433596864E-04	1.0E+10	3.19538056159701	1.31672797109194E-04	1.0E+10	0.653435635954906	1.21403019190488E-04	1.0E+10	9.12997082020528E-02	1.91449299636002E-04	1.0E+10	1.23778465672174E-02	8.01583301517187E-05	1.0E+10	7.3055830881865E-03	1E-30	2.4805594708474E-11	8.84378656691519E-02	1E-30	1.70554352358195E-10	0.041561074437881	3.8403116832183E-06	3.70036233060673E-11	1.03608089798663E-02	1.12293071747947E-06	5.75441572724601E-11	1.66743243020511E-02	2.22286600914848E-11	3.3914678229772E-11	4.09717171530354	4.28981263066499E-12	7.18026836243258E-11	8.9421468849817	1.0E+10	1E-30	1.0E-10	1.0E+10	1E-30	1.0E-10	1.0E+10	1E-30	1.0E-10
108	9.91743901022253E-07	1.0E+10	500000000	1E-30	1.44906661088568E-10	1.0E+10	1E-30	1.0E+10	4.73200350767754E-03	1.39242244135887E-04	1.0E+10	25.7589326049886	1.91341623109076E-04	1.0E+10	3.11092415650526	1.40349808024757E-04	1.0E+10	0.62731699583726	1.38315523203087E-04	1.0E+10	9.63447275721952E-02	1.6865784547823E-04	1.0E+10	1.68924378124819E-02	7.53394802498735E-05	1.0E+10	7.04167954455559E-03	1E-30	2.47600976322693E-11	6.66738349917456E-02	1E-30	2.16110245511371E-10	3.55269196764033E-02	2.86454909183263E-06	6.01542974629212E-11	1.58743451152749E-02	2.04474400674394E-06	3.8986635717499E-11	1.55672243143369E-02	1.86574102306671E-11	6.02063579556484E-11	6.09313408468864	3.00330195191587E-12	1.02455318917348E-10	21.1973282260702	1.0E+10	1E-30	1.0E-10	1.0E+10	1E-30	1.0E-10	1.0E+10	1E-30	1.0E-10
109	9.96710078962234E-07	1.0E+10	500000000	1E-30	6.97619610337839E-11	1.0E+10	1E-30	1.0E+10	4.19979173602332E-03	1.59686659257791E-04	1.0E+10	24.0674590549914	2.41911676753869E-04	1.0E+10	2.19301723708341	2.00629460430238E-04	1.0E+10	0.340646688756815	1.85465832760222E-04	1.0E+10	5.57744071947626E-02	2.19857881992692E-04	1.0E+10	7.63056747512315E-03	2.05191659441969E-04	1.0E+10	2.46344537616452E-03	1E-30	2.04643752296936E-11	5.51063407559232E-02	1E-30	2.12016306475155E-10	3.66032069343738E-02	3.69152062993237E-06	4.8407415487598E-11	1.80922915294406E-02	1.90522617902508E-06	4.43172157886018E-11	0.016707196745883	1.95082654423575E-11	4.86120933338678E-11	4.86946773697426	3.84270373323078E-12	8.60687858481868E-11	13.9888717495838	3.51623290878035E-12	7.06256499099865E-11	100000	1.0E+10	1E-30	1.0E-10	1.0E+10	1E-30	1.0E-10
110	9.96710078962234E-07	1.0E+10	500000000	1E-30	6.97619610337839E-11	1.0E+10	1E-30	1.0E+10	4.19979173602332E-03	1.59686659257791E-04	1.0E+10	24.0674590549914	2.41911676753869E-04	1.0E+10	2.19301723708341	2.00629460430238E-04	1.0E+10	0.340646688756815	1.85465832760222E-04	1.0E+10	5.57744071947626E-02	2.19857881992692E-04	1.0E+10	7.63056747512315E-03	2.05191659441969E-04	1.0E+10	2.46344537616452E-03	1E-30	2.04643752296936E-11	5.51063407559232E-02	1E-30	2.12016306475155E-10	3.66032069343738E-02	3.69152062993237E-06	4.8407415487598E-11	1.80922915294406E-02	1.90522617902508E-06	4.43172157886018E-11	0.016707196745883	1.95082654423575E-11	4.86120933338678E-11	4.86946773697426	3.84270373323078E-12	8.60687858481868E-11	13.9888717495838	3.51623290878035E-12	7.06256499099865E-11	100000	1.0E+10	1E-30	1.0E-10	1.0E+10	1E-30	1.0E-10
111	9.38529136434385E-07	1.0E+10	500000000	1E-30	1.88690462386871E-10	1.0E+10	1E-30	1.0E+10	4.20401826935605E-03	2.6464670689249E-04	1.0E+10	14.9839487937466	3.95552741144808E-04	1.0E+10	1.65539113528634	2.76461946309065E-04	1.0E+10	0.457731981783455	1.88973944177151E-04	1.0E+10	9.90700595898692E-02	1.51747564171144E-04	1.0E+10	1.58027707642205E-02	3.22442268433801E-04	1.0E+10	1.93504805830192E-03	1E-30	2.38097767780979E-11	0.078348259498335	1E-30	2.30552632073626E-10	0.03867971506564	3.51500923802189E-06	4.72257287915187E-11	1.52266009480915E-02	2.25824544077269E-06	3.52375115708689E-11	1.50713091201168E-02	1.80136295930845E-11	6.1715490214291E-11	6.01134303877064	1.35630333441646E-11	2.94102490747159E-11	2.95211556421224	1.0E+10	1E-30	1.0E-10	1.0E+10	1E-30	1.0E-10	1.0E+10	1E-30	1.0E-10
112	9.38529136434385E-07	1.0E+10	500000000	1E-30	1.88690462386871E-10	1.0E+10	1E-30	1.0E+10	4.20401826935605E-03	2.6464670689249E-04	1.0E+10	14.9839487937466	3.95552741144808E-04	1.0E+10	1.65539113528634	2.76461946309065E-04	1.0E+10	0.457731981783455	1.88973944177151E-04	1.0E+10	9.90700595898692E-02	1.51747564171144E-04	1.0E+10	1.58027707642205E-02	3.22442268433801E-04	1.0E+10	1.93504805830192E-03	1E-30	2.38097767780979E-11	0.078348259498335	1E-30	2.30552632073626E-10	0.03867971506564	3.51500923802189E-06	4.72257287915187E-11	1.52266009480915E-02	2.25824544077269E-06	3.52375115708689E-11	1.50713091201168E-02	1.80136295930845E-11	6.1715490214291E-11	6.01134303877064	1.35630333441646E-11	2.94102490747159E-11	2.95211556421224	1.0E+10	1E-30	1.0E-10	1.0E+10	1E-30	1.0E-10	1.0E+10	1E-30	1.0E-10
113	1.01832343008041E-06	1.0E+10	333333333.333333	1E-30	1.62605849085606E-10	1.0E+10	1E-30	1.0E+10	6.00600488325713E-03	6.58540828949318E-05	1.0E+10	35.0352007406858	7.9179291488237E-05	1.0E+10	4.94193438419508	4.34030231422804E-05	1.0E+10	1.40825220347344	4.7651683954674E-05	1.0E+10	0.200648445670728	3.44214570463932E-05	1.0E+10	4.77193536403076E-02	2.38315453239438E-05	1.0E+10	9.59466163283731E-03	1E-30	1.89083167776666E-10	3.42155513594784E-02	1E-30	1.88692860165802E-11	2.94841022634349E-02	3.7730047723827E-06	4.46307793869703E-11	1.39718391620093E-02	1.59339405026253E-06	4.90793429939029E-11	1.41849276082367E-02	2.30298298103278E-11	4.32976509215216E-11	7.86256702757858	1.77741578805344E-12	1.19506399236524E-10	26.1739119575241	1.0E+10	1E-30	1.0E-10	1.0E+10	1E-30	1.0E-10	1.0E+10	1E-30	1.0E-10
114	2.06590708578E-06	1.0E+10	227270000	1E-30	8.4049022235725E-11	1.0E+10	1E-30	1.0E+10	3.96807887079557E-03	1.78019087828365E-04	1.0E+10	29.8011007383924	3.72663423423701E-04	1.0E+10	1.92035759631336	2.96318698061775E-04	1.0E+10	0.493105469897893	2.70520740712818E-04	1.0E+10	9.38638381970944E-02	2.6804170652645E-04	1.0E+10	1.68459886073836E-02	1.74571266712452E-04	1.0E+10	4.86852267252664E-03	1E-30	2.74059233374504E-11	5.47075822044217E-02	1E-30	2.23605075178732E-10	2.85340786449086E-02	6.85248564240297E-06	5.55866477217089E-11	9.29034813919488E-03	3.47671504571539E-06	5.20407001139128E-11	1.14443476815877E-02	1.00616486978409E-11	7.21958147026032E-11	10.6246285876522	2.15553503792459E-12	1.60013951182047E-10	28.4882842374866	1.0E+10	1E-30	1.0E-10	1.0E+10	1E-30	1.0E-10	1.0E+10	1E-30	1.0E-10
115	2.06590708578E-06	1.0E+10	227270000	1E-30	8.4049022235725E-11	1.0E+10	1E-30	1.0E+10	3.96807887079557E-03	1.78019087828365E-04	1.0E+10	29.8011007383924	3.72663423423701E-04	1.0E+10	1.92035759631336	2.96318698061775E-04	1.0E+10	0.493105469897893	2.70520740712818E-04	1.0E+10	9.38638381970944E-02	2.6804170652645E-04	1.0E+10	1.68459886073836E-02	1.74571266712452E-04	1.0E+10	4.86852267252664E-03	1E-30	2.74059233374504E-11	5.47075822044217E-02	1E-30	2.23605075178732E-10	2.85340786449086E-02	6.85248564240297E-06	5.55866477217089E-11	9.29034813919488E-03	3.47671504571539E-06	5.20407001139128E-11	1.14443476815877E-02	1.00616486978409E-11	7.21958147026032E-11	10.6246285876522	2.15553503792459E-12	1.60013951182047E-10	28.4882842374866	1.0E+10	1E-30	1.0E-10	1.0E+10	1E-30	1.0E-10	1.0E+10	1E-30	1.0E-10
116	2.06590708578E-06	1.0E+10	227270000	1E-30	8.4049022235725E-11	1.0E+10	1E-30	1.0E+10	3.96807887079557E-03	1.78019087828365E-04	1.0E+10	29.8011007383924	3.72663423423701E-04	1.0E+10	1.92035759631336	2.96318698061775E-04	1.0E+10	0.493105469897893	2.70520740712818E-04	1.0E+10	9.38638381970944E-02	2.6804170652645E-04	1.0E+10	1.68459886073836E-02	1.74571266712452E-04	1.0E+10	4.86852267252664E-03	1E-30	2.74059233374504E-11	5.47075822044217E-02	1E-30	2.23605075178732E-10	2.85340786449086E-02	6.85248564240297E-06	5.55866477217089E-11	9.29034813919488E-03	3.47671504571539E-06	5.20407001139128E-11	1.14443476815877E-02	1.00616486978409E-11	7.21958147026032E-11	10.6246285876522	2.15553503792459E-12	1.60013951182047E-10	28.4882842374866	1.0E+10	1E-30	1.0E-10	1.0E+10	1E-30	1.0E-10	1.0E+10	1E-30	1.0E-10
117	2.06590708578E-06	1.0E+10	227270000	1E-30	8.4049022235725E-11	1.0E+10	1E-30	1.0E+10	3.96807887079557E-03	1.78019087828365E-04	1.0E+10	29.8011007383924	3.72663423423701E-04	1.0E+10	1.92035759631336	2.96318698061775E-04	1.0E+10	0.493105469897893	2.70520740712818E-04	1.0E+10	9.38638381970944E-02	2.6804170652645E-04	1.0E+10	1.68459886073836E-02	1.74571266712452E-04	1.0E+10	4.86852267252664E-03	1E-30	2.74059233374504E-11	5.47075822044217E-02	1E-30	2.23605075178732E-10	2.85340786449086E-02	6.85248564240297E-06	5.55866477217089E-11	9.29034813919488E-03	3.47671504571539E-06	5.20407001139128E-11	1.14443476815877E-02	1.00616486978409E-11	7.21958147026032E-11	10.6246285876522	2.15553503792459E-12	1.60013951182047E-10	28.4882842374866	1.0E+10	1E-30	1.0E-10	1.0E+10	1E-30	1.0E-10	1.0E+10	1E-30	1.0E-10
118	1.63518019846183E-06	1.0E+10	227270000	1E-30	1.38642190948855E-10	1.0E+10	1E-30	1.0E+10	0.005513528553466	7.19241369949733E-05	1.0E+10	73.7605620502699	7.76025947760216E-05	1.0E+10	10.1116640934105	6.3620268367751E-05	1.0E+10	1.62593575011197	5.21777093594486E-05	1.0E+10	0.3000639815281	5.34394342420272E-05	1.0E+10	0.047515688358947	3.39580637652302E-05	1.0E+10	1.37411231273267E-02	1E-30	2.25252711876074E-11	6.06559084140903E-02	1E-30	2.07999519124996E-10	3.48477028586139E-02	4.656374995293E-06	5.62874795739624E-11	1.29541350114319E-02	2.17878212102534E-06	5.6989689795285E-11	1.46095326885643E-02	1.3516141834579E-11	6.29730308225043E-11	8.41083969078056	3.8099436897609E-12	8.31058736466983E-11	20.8867841694903	1.0E+10	1E-30	1.0E-10	1.0E+10	1E-30	1.0E-10	1.0E+10	1E-30	1.0E-10
119	1.63518019846183E-06	1.0E+10	227270000	1E-30	1.38642190948855E-10	1.0E+10	1E-30	1.0E+10	0.005513528553466	7.19241369949733E-05	1.0E+10	73.7605620502699	7.76025947760216E-05	1.0E+10	10.1116640934105	6.3620268367751E-05	1.0E+10	1.62593575011197	5.21777093594486E-05	1.0E+10	0.3000639815281	5.34394342420272E-05	1.0E+10	0.047515688358947	3.39580637652302E-05	1.0E+10	1.37411231273267E-02	1E-30	2.25252711876074E-11	6.06559084140903E-02	1E-30	2.07999519124996E-10	3.48477028586139E-02	4.656374995293E-06	5.62874795739624E-11	1.29541350114319E-02	2.17878212102534E-06	5.6989689795285E-11	1.46095326885643E-02	1.3516141834579E-11	6.29730308225043E-11	8.41083969078056	3.8099436897609E-12	8.31058736466983E-11	20.8867841694903	1.0E+10	1E-30	1.0E-10	1.0E+10	1E-30	1.0E-10	1.0E+10	1E-30	1.0E-10
120	3.45113526797542E-06	1.0E+10	106380000	1E-30	1.03058067015654E-10	1.0E+10	1E-30	1.0E+10	4.14581939523043E-03	2.08441535118987E-04	1.0E+10	80.4849380199216	1.44457601816865E-04	1.0E+10	9.22483222371432	1.2103508949841E-04	1.0E+10	1.74496845877491	1.03846086515484E-04	1.0E+10	0.233511752014157	1.1594281413286E-04	1.0E+10	3.80587955208249E-02	6.28260276365589E-05	1.0E+10	1.11316431580004E-02	1E-30	2.7702886029606E-11	5.92554224092338E-02	1E-30	2.54127231553494E-10	2.69164983109045E-02	9.29730131223415E-06	6.10048886133937E-11	9.00968536018342E-03	5.51116310809075E-06	4.96026298686724E-11	8.6939106647342E-03	2.52440072599991E-11	2.83151515642818E-11	6.66147766622823	1.83855436856741E-12	1.21367532595783E-10	22.3564913468665	1.0E+10	1E-30	1.0E-10	1.0E+10	1E-30	1.0E-10	1.0E+10	1E-30	1.0E-10
121	3.45113526797542E-06	1.0E+10	106380000	1E-30	1.03058067015654E-10	1.0E+10	1E-30	1.0E+10	4.14581939523043E-03	2.08441535118987E-04	1.0E+10	80.4849380199216	1.44457601816865E-04	1.0E+10	9.22483222371432	1.2103508949841E-04	1.0E+10	1.74496845877491	1.03846086515484E-04	1.0E+10	0.233511752014157	1.1594281413286E-04	1.0E+10	3.80587955208249E-02	6.28260276365589E-05	1.0E+10	1.11316431580004E-02	1E-30	2.7702886029606E-11	5.92554224092338E-02	1E-30	2.54127231553494E-10	2.69164983109045E-02	9.29730131223415E-06	6.10048886133937E-11	9.00968536018342E-03	5.51116310809075E-06	4.96026298686724E-11	8.6939106647342E-03	2.52440072599991E-11	2.83151515642818E-11	6.66147766622823	1.83855436856741E-12	1.21367532595783E-10	22.3564913468665	1.0E+10	1E-30	1.0E-10	1.0E+10	1E-30	1.0E-10	1.0E+10	1E-30	1.0E-10
122	3.1038801422224E-06	1.0E+10	106380000	1E-30	9.2078370196068E-11	1.0E+10	1E-30	1.0E+10	4.2561918741415E-03	1.67001861173839E-04	1.0E+10	31.7670996744611	1.6188028865934E-04	1.0E+10	5.82780359178101	1.22378255376275E-04	1.0E+10	1.08891660213931	1.18034331532238E-04	1.0E+10	0.152296713697028	1.40770178570939E-04	1.0E+10	2.32374364675442E-02	7.84978628630708E-05	1.0E+10	8.58476427464755E-03	1E-30	2.89255974265732E-11	5.77411488582773E-02	1E-30	2.23431195150189E-10	2.60173875176632E-02	9.76360756409337E-06	5.40491303724555E-11	8.15041684372912E-03	4.75623109639526E-06	5.50403840503919E-11	9.29511319328486E-03	1.08257390035452E-11	7.8623031284197E-11	10.5010939365219	2.42742178878278E-12	1.2043827007958E-10	32.7827128823176	1.0E+10	1E-30	1.0E-10	1.0E+10	1E-30	1.0E-10	1.0E+10	1E-30	1.0E-10
123	3.1038801422224E-06	1.0E+10	106380000	1E-30	9.2078370196068E-11	1.0E+10	1E-30	1.0E+10	4.2561918741415E-03	1.67001861173839E-04	1.0E+10	31.7670996744611	1.6188028865934E-04	1.0E+10	5.82780359178101	1.22378255376275E-04	1.0E+10	1.08891660213931	1.18034331532238E-04	1.0E+10	0.152296713697028	1.40770178570939E-04	1.0E+10	2.32374364675442E-02	7.84978628630708E-05	1.0E+10	8.58476427464755E-03	1E-30	2.89255974265732E-11	5.77411488582773E-02	1E-30	2.23431195150189E-10	2.60173875176632E-02	9.76360756409337E-06	5.40491303724555E-11	8.15041684372912E-03	4.75623109639526E-06	5.50403840503919E-11	9.29511319328486E-03	1.08257390035452E-11	7.8623031284197E-11	10.5010939365219	2.42742178878278E-12	1.2043827007958E-10	32.7827128823176	1.0E+10	1E-30	1.0E-10	1.0E+10	1E-30	1.0E-10	1.0E+10	1E-30	1.0E-10
124	7.31285796317036E-06	1.0E+10	5000000	1E-30	1.41023007173774E-10	1.0E+10	1E-30	1.0E+10	3.27430106775812E-03	2.56928472022752E-04	1.0E+10	41.1989969675495	2.95158244162489E-04	1.0E+10	5.30449395436604	2.47576958222353E-04	1.0E+10	0.872948562421593	2.35765423192508E-04	1.0E+10	0.112776539446445	2.4037304109249E-04	1.0E+10	1.52690887332698E-02	2.08525510077963E-04	1.0E+10	3.61779832790431E-03	1E-30	1.73521661472698E-11	0.124342820054077	1E-30	2.7794320875396E-11	2.94616584257984E-02	1E-30	3.03413835510881E-10	2.06366571277161E-02	1.87774831805336E-05	7.6353887413661E-11	5.29955492640927E-03	1.32316440565977E-05	5.44010380830716E-11	5.3080354797378E-03	1.77769331279929E-11	3.47197086751607E-11	5.96859394309802	4.93420197622382E-12	7.13002157430989E-11	11.5198063188628	1.0E+10	1E-30	1.0E-10	1.0E+10	1E-30	1.0E-10
125	7.31285796317036E-06	1.0E+10	5000000	1E-30	1.41023007173774E-10	1.0E+10	1E-30	1.0E+10	3.27430106775812E-03	2.56928472022752E-04	1.0E+10	41.1989969675495	2.95158244162489E-04	1.0E+10	5.30449395436604	2.47576958222353E-04	1.0E+10	0.872948562421593	2.35765423192508E-04	1.0E+10	0.112776539446445	2.4037304109249E-04	1.0E+10	1.52690887332698E-02	2.08525510077963E-04	1.0E+10	3.61779832790431E-03	1E-30	1.73521661472698E-11	0.124342820054077	1E-30	2.7794320875396E-11	2.94616584257984E-02	1E-30	3.03413835510881E-10	2.06366571277161E-02	1.87774831805336E-05	7.6353887413661E-11	5.29955492640927E-03	1.32316440565977E-05	5.44010380830716E-11	5.3080354797378E-03	1.77769331279929E-11	3.47197086751607E-11	5.96859394309802	4.93420197622382E-12	7.13002157430989E-11	11.5198063188628	1.0E+10	1E-30	1.0E-10	1.0E+10	1E-30	1.0E-10
126	6.47912307256373E-06	1.0E+10	5000000	1E-30	1.65730131511595E-10	1.0E+10	1E-30	1.0E+10	3.29904521541261E-03	2.02059419800289E-04	1.0E+10	21.4184288595535	3.08815722285391E-04	1.0E+10	1.83000380881851	3.01483078986639E-04	1.0E+10	0.375763044175464	3.36337485993149E-04	1.0E+10	7.72426094365229E-02	2.37271606706626E-04	1.0E+10	2.78428040508611E-02	1.49591691658757E-04	1.0E+10	7.28174849727293E-03	1E-30	1.36244550830244E-11	7.73317249516881E-02	1E-30	3.78818771785309E-11	2.73295192935377E-02	1E-30	2.96829428571167E-10	1.78576795214278E-02	2.20243048672613E-05	5.09243285309359E-11	4.22576960915513E-03	1.0954574390553E-05	5.16535827051E-11	4.53473911752977E-03	1.76050043436714E-11	4.45737127274365E-11	6.75089620182165	9.75189740011921E-12	3.59961397764756E-11	5.51508627932053	1.0E+10	1E-30	1.0E-10	1.0E+10	1E-30	1.0E-10
127	6.21973084509934E-06	1.0E+10	5000000	1E-30	1.86703418603026E-10	1.0E+10	1E-30	1.0E+10	3.44171314311057E-03	1.8524073758172E-04	1.0E+10	21.3073877986951	2.48246311896718E-04	1.0E+10	1.8544046650195	3.61043116528631E-04	1.0E+10	0.263131211841471	3.58868302841667E-04	1.0E+10	0.112979051303704	1.6114523531613E-04	1.0E+10	3.85395681179248E-02	1.51851937963807E-04	1.0E+10	5.75920662900477E-03	1E-30	1.40911950195725E-11	9.83509388629166E-02	1E-30	3.10500390229124E-11	2.56451082478063E-02	1E-30	2.43290171802412E-10	0.019146732199908	2.20036261986494E-05	5.14152404773686E-11	4.63285187394494E-03	6.61279141600322E-06	8.05465758468091E-11	6.33393995500174E-03	1.69764308834168E-11	5.30732676280529E-11	7.15048482413568	2.17808444845593E-11	1.7652501590482E-11	2.80832093395621	1.0E+10	1E-30	1.0E-10	1.0E+10	1E-30	1.0E-10
END DSCRDATA
