BEGIN DSCRDATA
% INDEX	K01	L01	M01	K02	L02	M02	K03	L03	M03	K04	L04	M04	K05	L05	M05	K06	L06	M06	K07	L07	M07	K08	L08	M08	K09	L09	M09	K10	L10	M10	K11	L11	M11	K12	L12	M12	K13	L13	M13	K14	L14	M14	K15	L15	M15	K16	L16	M16	K17	L17	M17	K18	L18	M18
0	0.00000000001	1.0E+10	1.0E+10	1E-30	1.17879928606916E-10	1.0E+10	1E-30	1.0E+10	0.245206166936946	1.05030466532015E-12	6.41542735154727E-10	935.795263605542	1.0E+10	1E-30	1.0E-10	1.0E+10	1E-30	1.0E-10	1.0E+10	1E-30	1.0E-10	1.0E+10	1E-30	1.0E-10	1.0E+10	1E-30	1.0E-10	1.0E+10	1E-30	1.0E-10	1.0E+10	1E-30	1.0E-10	1.0E+10	1E-30	1.0E-10	1.0E+10	1E-30	1.0E-10	1.0E+10	1E-30	1.0E-10	1.0E+10	1E-30	1.0E-10	1.0E+10	1E-30	1.0E-10	1.0E+10	1E-30	1.0E-10	1.0E+10	1E-30	1.0E-10
1	0.00000000001	1.0E+10	1.0E+10	1E-30	9.41627252800044E-12	1.0E+10	1E-30	1.0E+10	0.237103253991255	8.80685424788476E-13	7.39508858948483E-10	869.860114533547	1.0E+10	1E-30	1.0E-10	1.0E+10	1E-30	1.0E-10	1.0E+10	1E-30	1.0E-10	1.0E+10	1E-30	1.0E-10	1.0E+10	1E-30	1.0E-10	1.0E+10	1E-30	1.0E-10	1.0E+10	1E-30	1.0E-10	1.0E+10	1E-30	1.0E-10	1.0E+10	1E-30	1.0E-10	1.0E+10	1E-30	1.0E-10	1.0E+10	1E-30	1.0E-10	1.0E+10	1E-30	1.0E-10	1.0E+10	1E-30	1.0E-10	1.0E+10	1E-30	1.0E-10
2	0.000000000012	1.0E+10	1.0E+10	1E-30	1.77327967723E-11	1.0E+10	1E-30	1.0E+10	0.216619595541055	5.88970318684504E-12	1.54319721554993E-10	52.0658487514986	7.92544694238488E-12	9.41795614839107E-11	41.8691214956267	1.4283103348761E-12	4.64066856903904E-10	1060.09280924326	1.0E+10	1E-30	1.0E-10	1.0E+10	1E-30	1.0E-10	1.0E+10	1E-30	1.0E-10	1.0E+10	1E-30	1.0E-10	1.0E+10	1E-30	1.0E-10	1.0E+10	1E-30	1.0E-10	1.0E+10	1E-30	1.0E-10	1.0E+10	1E-30	1.0E-10	1.0E+10	1E-30	1.0E-10	1.0E+10	1E-30	1.0E-10	1.0E+10	1E-30	1.0E-10	1.0E+10	1E-30	1.0E-10
3	0.000000000012	1.0E+10	1.0E+10	1E-30	1.19541484373083E-11	1.0E+10	1E-30	1.0E+10	0.23401075824081	5.896327951514E-12	1.45442584522186E-10	47.3466744327838	1.09903122431039E-12	5.64412250438659E-10	1432.75363871117	1.0E+10	1E-30	1.0E-10	1.0E+10	1E-30	1.0E-10	1.0E+10	1E-30	1.0E-10	1.0E+10	1E-30	1.0E-10	1.0E+10	1E-30	1.0E-10	1.0E+10	1E-30	1.0E-10	1.0E+10	1E-30	1.0E-10	1.0E+10	1E-30	1.0E-10	1.0E+10	1E-30	1.0E-10	1.0E+10	1E-30	1.0E-10	1.0E+10	1E-30	1.0E-10	1.0E+10	1E-30	1.0E-10	1.0E+10	1E-30	1.0E-10
4	0.000000000015	1.0E+10	1.0E+10	1E-30	1.02899992300057E-10	1.0E+10	1E-30	1.0E+10	0.207632461559563	2.3928788116404E-11	5.49042344826707E-11	15.3304058101644	1.10201880791629E-12	5.70084742107779E-10	606.000347508485	1.0E+10	1E-30	1.0E-10	1.0E+10	1E-30	1.0E-10	1.0E+10	1E-30	1.0E-10	1.0E+10	1E-30	1.0E-10	1.0E+10	1E-30	1.0E-10	1.0E+10	1E-30	1.0E-10	1.0E+10	1E-30	1.0E-10	1.0E+10	1E-30	1.0E-10	1.0E+10	1E-30	1.0E-10	1.0E+10	1E-30	1.0E-10	1.0E+10	1E-30	1.0E-10	1.0E+10	1E-30	1.0E-10	1.0E+10	1E-30	1.0E-10
5	0.000000000015	1.0E+10	1.0E+10	1E-30	2.26661090965629E-11	1.0E+10	1E-30	1.0E+10	0.210077610578403	1.29331633220226E-09	3.06939786850008E-12	0.149311198943938	2.2340778320155E-11	5.73499580300276E-11	14.7824958419333	9.76390893987318E-13	6.35281233341199E-10	1253.69564257344	1.0E+10	1E-30	1.0E-10	1.0E+10	1E-30	1.0E-10	1.0E+10	1E-30	1.0E-10	1.0E+10	1E-30	1.0E-10	1.0E+10	1E-30	1.0E-10	1.0E+10	1E-30	1.0E-10	1.0E+10	1E-30	1.0E-10	1.0E+10	1E-30	1.0E-10	1.0E+10	1E-30	1.0E-10	1.0E+10	1E-30	1.0E-10	1.0E+10	1E-30	1.0E-10	1.0E+10	1E-30	1.0E-10
6	0.000000000018	1.0E+10	1.0E+10	1E-30	6.89091843949691E-11	1.0E+10	1E-30	1.0E+10	0.235261523774532	9.80683106326979E-13	7.80215998357933E-10	827.595316201137	1.0E+10	1E-30	1.0E-10	1.0E+10	1E-30	1.0E-10	1.0E+10	1E-30	1.0E-10	1.0E+10	1E-30	1.0E-10	1.0E+10	1E-30	1.0E-10	1.0E+10	1E-30	1.0E-10	1.0E+10	1E-30	1.0E-10	1.0E+10	1E-30	1.0E-10	1.0E+10	1E-30	1.0E-10	1.0E+10	1E-30	1.0E-10	1.0E+10	1E-30	1.0E-10	1.0E+10	1E-30	1.0E-10	1.0E+10	1E-30	1.0E-10	1.0E+10	1E-30	1.0E-10
7	0.000000000018	1.0E+10	1.0E+10	1E-30	1.27843205313852E-10	1.0E+10	1E-30	1.0E+10	0.227479805060926	9.17086858878997E-10	4.63645090857882E-12	0.127566011663374	9.95281352093679E-13	7.10676124871064E-10	791.279779992662	1.0E+10	1E-30	1.0E-10	1.0E+10	1E-30	1.0E-10	1.0E+10	1E-30	1.0E-10	1.0E+10	1E-30	1.0E-10	1.0E+10	1E-30	1.0E-10	1.0E+10	1E-30	1.0E-10	1.0E+10	1E-30	1.0E-10	1.0E+10	1E-30	1.0E-10	1.0E+10	1E-30	1.0E-10	1.0E+10	1E-30	1.0E-10	1.0E+10	1E-30	1.0E-10	1.0E+10	1E-30	1.0E-10	1.0E+10	1E-30	1.0E-10
8	0.000000000022	1.0E+10	1.0E+10	1E-30	4.31512918324408E-11	1.0E+10	1E-30	1.0E+10	0.215760260508355	8.98961474252215E-13	7.83293404078282E-10	550.191637106495	1.0E+10	1E-30	1.0E-10	1.0E+10	1E-30	1.0E-10	1.0E+10	1E-30	1.0E-10	1.0E+10	1E-30	1.0E-10	1.0E+10	1E-30	1.0E-10	1.0E+10	1E-30	1.0E-10	1.0E+10	1E-30	1.0E-10	1.0E+10	1E-30	1.0E-10	1.0E+10	1E-30	1.0E-10	1.0E+10	1E-30	1.0E-10	1.0E+10	1E-30	1.0E-10	1.0E+10	1E-30	1.0E-10	1.0E+10	1E-30	1.0E-10	1.0E+10	1E-30	1.0E-10
9	0.000000000022	1.0E+10	1.0E+10	1E-30	5.36023867397653E-11	1.0E+10	1E-30	1.0E+10	0.209327251654678	5.30247983594165E-10	7.76864774228682E-12	8.34176469509863E-02	2.93848502365827E-11	3.48290646650869E-11	7.77188086059387	8.38703108280613E-13	7.6457066106836E-10	680.346314345801	1.0E+10	1E-30	1.0E-10	1.0E+10	1E-30	1.0E-10	1.0E+10	1E-30	1.0E-10	1.0E+10	1E-30	1.0E-10	1.0E+10	1E-30	1.0E-10	1.0E+10	1E-30	1.0E-10	1.0E+10	1E-30	1.0E-10	1.0E+10	1E-30	1.0E-10	1.0E+10	1E-30	1.0E-10	1.0E+10	1E-30	1.0E-10	1.0E+10	1E-30	1.0E-10	1.0E+10	1E-30	1.0E-10
10	0.000000000027	1.0E+10	1.0E+10	1E-30	1.41634683043411E-10	1.0E+10	1E-30	1.0E+10	0.200724376890596	1.06538555398536E-12	7.02675971477475E-10	354.512290928445	1.0E+10	1E-30	1.0E-10	1.0E+10	1E-30	1.0E-10	1.0E+10	1E-30	1.0E-10	1.0E+10	1E-30	1.0E-10	1.0E+10	1E-30	1.0E-10	1.0E+10	1E-30	1.0E-10	1.0E+10	1E-30	1.0E-10	1.0E+10	1E-30	1.0E-10	1.0E+10	1E-30	1.0E-10	1.0E+10	1E-30	1.0E-10	1.0E+10	1E-30	1.0E-10	1.0E+10	1E-30	1.0E-10	1.0E+10	1E-30	1.0E-10	1.0E+10	1E-30	1.0E-10
11	0.000000000027	1.0E+10	1.0E+10	1E-30	2.75838720746688E-11	1.0E+10	1E-30	1.0E+10	0.185748034501833	4.88629518443974E-10	1.01141311972497E-11	0.143592853233689	3.70218093913279E-11	3.76913332887447E-11	4.4668648306449	8.94689551642604E-13	7.42414629288614E-10	902.991516756605	1.0E+10	1E-30	1.0E-10	1.0E+10	1E-30	1.0E-10	1.0E+10	1E-30	1.0E-10	1.0E+10	1E-30	1.0E-10	1.0E+10	1E-30	1.0E-10	1.0E+10	1E-30	1.0E-10	1.0E+10	1E-30	1.0E-10	1.0E+10	1E-30	1.0E-10	1.0E+10	1E-30	1.0E-10	1.0E+10	1E-30	1.0E-10	1.0E+10	1E-30	1.0E-10	1.0E+10	1E-30	1.0E-10
12	0.000000000033	1.0E+10	1.0E+10	1E-30	5.72042238116085E-11	1.0E+10	1E-30	1.0E+10	0.190880813492057	1.30084299897734E-10	1.6226846700241E-11	2.4411543932813	9.87860943265606E-13	7.51803512918612E-10	441.30944688357	1.0E+10	1E-30	1.0E-10	1.0E+10	1E-30	1.0E-10	1.0E+10	1E-30	1.0E-10	1.0E+10	1E-30	1.0E-10	1.0E+10	1E-30	1.0E-10	1.0E+10	1E-30	1.0E-10	1.0E+10	1E-30	1.0E-10	1.0E+10	1E-30	1.0E-10	1.0E+10	1E-30	1.0E-10	1.0E+10	1E-30	1.0E-10	1.0E+10	1E-30	1.0E-10	1.0E+10	1E-30	1.0E-10	1.0E+10	1E-30	1.0E-10
13	0.000000000033	1.0E+10	1.0E+10	1E-30	3.34396555082974E-11	1.0E+10	1E-30	1.0E+10	0.174329206846518	9.56514217727598E-11	2.0969356569498E-11	2.80114281297912	8.08223317659478E-13	7.60503604183952E-10	518.253223198636	1.0E+10	1E-30	1.0E-10	1.0E+10	1E-30	1.0E-10	1.0E+10	1E-30	1.0E-10	1.0E+10	1E-30	1.0E-10	1.0E+10	1E-30	1.0E-10	1.0E+10	1E-30	1.0E-10	1.0E+10	1E-30	1.0E-10	1.0E+10	1E-30	1.0E-10	1.0E+10	1E-30	1.0E-10	1.0E+10	1E-30	1.0E-10	1.0E+10	1E-30	1.0E-10	1.0E+10	1E-30	1.0E-10	1.0E+10	1E-30	1.0E-10
14	0.000000000039	1.0E+10	1.0E+10	1E-30	1.56761648541214E-11	1.0E+10	1E-30	1.0E+10	0.160472468697024	1.42314185582401E-10	1.98329300426045E-11	1.84240639517517	3.84316569072331E-12	2.20343377146706E-10	68.0685922933285	1.22083259715602E-12	5.36607597590986E-10	359.751787780917	1.0E+10	1E-30	1.0E-10	1.0E+10	1E-30	1.0E-10	1.0E+10	1E-30	1.0E-10	1.0E+10	1E-30	1.0E-10	1.0E+10	1E-30	1.0E-10	1.0E+10	1E-30	1.0E-10	1.0E+10	1E-30	1.0E-10	1.0E+10	1E-30	1.0E-10	1.0E+10	1E-30	1.0E-10	1.0E+10	1E-30	1.0E-10	1.0E+10	1E-30	1.0E-10	1.0E+10	1E-30	1.0E-10
15	0.000000000039	1.0E+10	1.0E+10	1E-30	1.78031160648458E-11	1.0E+10	1E-30	1.0E+10	0.169518393568533	1.19537126794617E-10	2.4580389566891E-11	2.17001483157919	7.08155056659878E-12	1.30680567667092E-10	34.2631407885166	5.4182551968392E-12	1.38941192166316E-10	37.9073556128523	1.18507142068157E-12	5.10789201656252E-10	495.515416183651	1.0E+10	1E-30	1.0E-10	1.0E+10	1E-30	1.0E-10	1.0E+10	1E-30	1.0E-10	1.0E+10	1E-30	1.0E-10	1.0E+10	1E-30	1.0E-10	1.0E+10	1E-30	1.0E-10	1.0E+10	1E-30	1.0E-10	1.0E+10	1E-30	1.0E-10	1.0E+10	1E-30	1.0E-10	1.0E+10	1E-30	1.0E-10	1.0E+10	1E-30	1.0E-10
16	0.000000000047	1.0E+10	1.0E+10	1E-30	4.79021249645118E-11	1.0E+10	1E-30	1.0E+10	0.158988350671764	1.61485390819915E-10	2.46927232298284E-11	2.10420086011987	1.12008526518789E-11	1.1019858556357E-10	14.6901826473809	9.74398913087106E-13	6.17104746545606E-10	414.503108402803	1.0E+10	1E-30	1.0E-10	1.0E+10	1E-30	1.0E-10	1.0E+10	1E-30	1.0E-10	1.0E+10	1E-30	1.0E-10	1.0E+10	1E-30	1.0E-10	1.0E+10	1E-30	1.0E-10	1.0E+10	1E-30	1.0E-10	1.0E+10	1E-30	1.0E-10	1.0E+10	1E-30	1.0E-10	1.0E+10	1E-30	1.0E-10	1.0E+10	1E-30	1.0E-10	1.0E+10	1E-30	1.0E-10
17	0.000000000047	1.0E+10	1.0E+10	1E-30	3.39596822174766E-13	1.0E+10	1E-30	1.0E+10	0.12	1.30987965127977E-10	3.07676989543923E-11	2.77346149874665	7.67498197321857E-12	1.59808774424829E-10	19.2632837660313	0.00000000000098	6.23480305103025E-10	848.850427077725	1.0E+10	1E-30	1.0E-10	1.0E+10	1E-30	1.0E-10	1.0E+10	1E-30	1.0E-10	1.0E+10	1E-30	1.0E-10	1.0E+10	1E-30	1.0E-10	1.0E+10	1E-30	1.0E-10	1.0E+10	1E-30	1.0E-10	1.0E+10	1E-30	1.0E-10	1.0E+10	1E-30	1.0E-10	1.0E+10	1E-30	1.0E-10	1.0E+10	1E-30	1.0E-10	1.0E+10	1E-30	1.0E-10
18	0.000000000056	1.0E+10	1.0E+10	1E-30	8.97664194588214E-11	1.0E+10	1E-30	1.0E+10	0.1493891197856	1.8748989715065E-10	2.91560344380699E-11	1.95966922620981	2.51653855081635E-11	6.66747909132682E-11	7.52536494448761	1.09133739139602E-12	5.80074002906452E-10	619.019977894451	1.0E+10	1E-30	1.0E-10	1.0E+10	1E-30	1.0E-10	1.0E+10	1E-30	1.0E-10	1.0E+10	1E-30	1.0E-10	1.0E+10	1E-30	1.0E-10	1.0E+10	1E-30	1.0E-10	1.0E+10	1E-30	1.0E-10	1.0E+10	1E-30	1.0E-10	1.0E+10	1E-30	1.0E-10	1.0E+10	1E-30	1.0E-10	1.0E+10	1E-30	1.0E-10	1.0E+10	1E-30	1.0E-10
19	0.000000000056	1.0E+10	1.0E+10	1E-30	1.43848674280904E-11	1.0E+10	1E-30	1.0E+10	0.148012023713852	1.63708532095275E-10	3.32749377887458E-11	1.97728565065961	2.11356286062724E-11	7.91189350489293E-11	8.82486892042757	1.04099423012612E-12	6.46138604460464E-10	558.348128881946	1.0E+10	1E-30	1.0E-10	1.0E+10	1E-30	1.0E-10	1.0E+10	1E-30	1.0E-10	1.0E+10	1E-30	1.0E-10	1.0E+10	1E-30	1.0E-10	1.0E+10	1E-30	1.0E-10	1.0E+10	1E-30	1.0E-10	1.0E+10	1E-30	1.0E-10	1.0E+10	1E-30	1.0E-10	1.0E+10	1E-30	1.0E-10	1.0E+10	1E-30	1.0E-10	1.0E+10	1E-30	1.0E-10
20	0.000000000068	1.0E+10	1.0E+10	1E-30	7.7415747124004E-12	1.0E+10	1E-30	1.0E+10	0.121307440904753	2.44397064421606E-10	3.10805786903226E-11	2.41848358373796	3.95200199058883E-11	6.32119684751189E-11	5.97065025763378	8.91209984113281E-13	6.64393095078563E-10	358.220784846414	1.0E+10	1E-30	1.0E-10	1.0E+10	1E-30	1.0E-10	1.0E+10	1E-30	1.0E-10	1.0E+10	1E-30	1.0E-10	1.0E+10	1E-30	1.0E-10	1.0E+10	1E-30	1.0E-10	1.0E+10	1E-30	1.0E-10	1.0E+10	1E-30	1.0E-10	1.0E+10	1E-30	1.0E-10	1.0E+10	1E-30	1.0E-10	1.0E+10	1E-30	1.0E-10	1.0E+10	1E-30	1.0E-10
21	0.000000000068	1.0E+10	1.0E+10	1E-30	5.46507043471206E-11	1.0E+10	1E-30	1.0E+10	0.120525182698498	2.16366122427929E-10	3.52215909058891E-11	2.38731123773611	4.30853234365561E-11	5.90043590786415E-11	5.53062849264975	1.35861292014595E-11	5.40819110896826E-11	6.14166530424543	1.03615420115211E-12	5.52259177977785E-10	368.791574420586	1.0E+10	1E-30	1.0E-10	1.0E+10	1E-30	1.0E-10	1.0E+10	1E-30	1.0E-10	1.0E+10	1E-30	1.0E-10	1.0E+10	1E-30	1.0E-10	1.0E+10	1E-30	1.0E-10	1.0E+10	1E-30	1.0E-10	1.0E+10	1E-30	1.0E-10	1.0E+10	1E-30	1.0E-10	1.0E+10	1E-30	1.0E-10	1.0E+10	1E-30	1.0E-10
22	0.000000000082	1.0E+10	1.0E+10	1E-30	2.04289000574541E-12	1.0E+10	1E-30	1.0E+10	0.141758289614756	2.68904169970407E-10	1.7492173916143E-11	0.706977933293498	1.47577832140998E-11	8.28398002769314E-11	8.9130238303085	8.87761082925647E-13	7.65223930966929E-10	873.425589690802	1.0E+10	1E-30	1.0E-10	1.0E+10	1E-30	1.0E-10	1.0E+10	1E-30	1.0E-10	1.0E+10	1E-30	1.0E-10	1.0E+10	1E-30	1.0E-10	1.0E+10	1E-30	1.0E-10	1.0E+10	1E-30	1.0E-10	1.0E+10	1E-30	1.0E-10	1.0E+10	1E-30	1.0E-10	1.0E+10	1E-30	1.0E-10	1.0E+10	1E-30	1.0E-10	1.0E+10	1E-30	1.0E-10
23	0.000000000082	1.0E+10	1.0E+10	1E-30	1.88136882091944E-11	1.0E+10	1E-30	1.0E+10	0.157502768883198	3.00617832989904E-10	1.48411185350811E-11	0.718277501610853	2.19862446828483E-11	6.17517415997979E-11	7.7636674530993	1.92649086429277E-11	5.3532934362699E-11	9.80367259326568	9.65527367975837E-13	7.15585349559179E-10	645.783270230229	1.0E+10	1E-30	1.0E-10	1.0E+10	1E-30	1.0E-10	1.0E+10	1E-30	1.0E-10	1.0E+10	1E-30	1.0E-10	1.0E+10	1E-30	1.0E-10	1.0E+10	1E-30	1.0E-10	1.0E+10	1E-30	1.0E-10	1.0E+10	1E-30	1.0E-10	1.0E+10	1E-30	1.0E-10	1.0E+10	1E-30	1.0E-10	1.0E+10	1E-30	1.0E-10
24	1.0E-10	1.0E+10	1.0E+10	1E-30	3.1150129047842E-11	1.0E+10	1E-30	1.0E+10	0.139404697717727	3.33105842199798E-10	1.87095005824913E-11	0.668290284321402	4.58800404437661E-11	3.90211589766904E-11	3.82513206949863	8.28878310884334E-13	7.51378852185774E-10	503.365708627109	1.0E+10	1E-30	1.0E-10	1.0E+10	1E-30	1.0E-10	1.0E+10	1E-30	1.0E-10	1.0E+10	1E-30	1.0E-10	1.0E+10	1E-30	1.0E-10	1.0E+10	1E-30	1.0E-10	1.0E+10	1E-30	1.0E-10	1.0E+10	1E-30	1.0E-10	1.0E+10	1E-30	1.0E-10	1.0E+10	1E-30	1.0E-10	1.0E+10	1E-30	1.0E-10	1.0E+10	1E-30	1.0E-10
25	1.0E-10	1.0E+10	1.0E+10	1E-30	5.19299804348042E-11	1.0E+10	1E-30	1.0E+10	0.126153889421249	5.40524633532888E-10	1.23332730772098E-11	0.70596971248187	2.80058576137831E-11	6.27087657162774E-11	4.48742616666305	1.07281045753804E-12	7.16456186391047E-10	493.274208488593	1.0E+10	1E-30	1.0E-10	1.0E+10	1E-30	1.0E-10	1.0E+10	1E-30	1.0E-10	1.0E+10	1E-30	1.0E-10	1.0E+10	1E-30	1.0E-10	1.0E+10	1E-30	1.0E-10	1.0E+10	1E-30	1.0E-10	1.0E+10	1E-30	1.0E-10	1.0E+10	1E-30	1.0E-10	1.0E+10	1E-30	1.0E-10	1.0E+10	1E-30	1.0E-10	1.0E+10	1E-30	1.0E-10
26	0.00000000012	1.0E+10	1.0E+10	1E-30	2.73640517185318E-11	1.0E+10	1E-30	1.0E+10	0.123025759874651	5.13934297705611E-10	1.73709306871014E-11	0.787975616338663	5.15490962208808E-11	5.268289818773E-11	3.22695251446333	8.67880272329768E-13	7.33795417420706E-10	452.102293088783	1.0E+10	1E-30	1.0E-10	1.0E+10	1E-30	1.0E-10	1.0E+10	1E-30	1.0E-10	1.0E+10	1E-30	1.0E-10	1.0E+10	1E-30	1.0E-10	1.0E+10	1E-30	1.0E-10	1.0E+10	1E-30	1.0E-10	1.0E+10	1E-30	1.0E-10	1.0E+10	1E-30	1.0E-10	1.0E+10	1E-30	1.0E-10	1.0E+10	1E-30	1.0E-10	1.0E+10	1E-30	1.0E-10
27	0.00000000012	1.0E+10	1.0E+10	1E-30	2.93515248495356E-11	1.0E+10	1E-30	1.0E+10	0.10979779748197	5.75120595063631E-10	1.60454953529992E-11	0.722049465116847	5.96093330162148E-11	4.65788505429528E-11	3.7251232593722	9.58830704218649E-13	7.45778163812497E-10	295.772663485324	1.0E+10	1E-30	1.0E-10	1.0E+10	1E-30	1.0E-10	1.0E+10	1E-30	1.0E-10	1.0E+10	1E-30	1.0E-10	1.0E+10	1E-30	1.0E-10	1.0E+10	1E-30	1.0E-10	1.0E+10	1E-30	1.0E-10	1.0E+10	1E-30	1.0E-10	1.0E+10	1E-30	1.0E-10	1.0E+10	1E-30	1.0E-10	1.0E+10	1E-30	1.0E-10	1.0E+10	1E-30	1.0E-10
28	0.00000000015	1.0E+10	1.0E+10	1E-30	7.51756061310979E-12	1.0E+10	1E-30	1.0E+10	0.118872366826607	5.42486150462758E-10	2.48032803533067E-11	0.812355178368523	8.6076922695786E-11	4.82409171677141E-11	2.38413328105815	2.45990676457918E-11	3.96937505413584E-11	3.75912379856575	8.79883073663874E-13	7.05283690563699E-10	667.788772806072	1.0E+10	1E-30	1.0E-10	1.0E+10	1E-30	1.0E-10	1.0E+10	1E-30	1.0E-10	1.0E+10	1E-30	1.0E-10	1.0E+10	1E-30	1.0E-10	1.0E+10	1E-30	1.0E-10	1.0E+10	1E-30	1.0E-10	1.0E+10	1E-30	1.0E-10	1.0E+10	1E-30	1.0E-10	1.0E+10	1E-30	1.0E-10	1.0E+10	1E-30	1.0E-10
29	0.00000000015	1.0E+10	1.0E+10	1E-30	8.31091671177988E-11	1.0E+10	1E-30	1.0E+10	0.103202679113642	7.07262468044837E-10	1.95566807311345E-11	0.984012182602511	8.71435017555888E-11	4.8006412122301E-11	2.39939852778499	1.1701770870406E-12	6.58445080218991E-10	270.342843374972	1.0E+10	1E-30	1.0E-10	1.0E+10	1E-30	1.0E-10	1.0E+10	1E-30	1.0E-10	1.0E+10	1E-30	1.0E-10	1.0E+10	1E-30	1.0E-10	1.0E+10	1E-30	1.0E-10	1.0E+10	1E-30	1.0E-10	1.0E+10	1E-30	1.0E-10	1.0E+10	1E-30	1.0E-10	1.0E+10	1E-30	1.0E-10	1.0E+10	1E-30	1.0E-10	1.0E+10	1E-30	1.0E-10
30	0.00000000018	1.0E+10	1.0E+10	1E-30	2.26921460753662E-11	1.0E+10	1E-30	1.0E+10	0.106364050047061	6.28291368440775E-10	2.9612763200831E-11	1.01143321379118	1.34291579482656E-10	4.6604357075269E-11	2.38362899636077	2.40556682817169E-11	4.26125534307879E-11	2.15704335208123	9.14185990347836E-13	6.65863777611757E-10	485.837382887304	1.0E+10	1E-30	1.0E-10	1.0E+10	1E-30	1.0E-10	1.0E+10	1E-30	1.0E-10	1.0E+10	1E-30	1.0E-10	1.0E+10	1E-30	1.0E-10	1.0E+10	1E-30	1.0E-10	1.0E+10	1E-30	1.0E-10	1.0E+10	1E-30	1.0E-10	1.0E+10	1E-30	1.0E-10	1.0E+10	1E-30	1.0E-10	1.0E+10	1E-30	1.0E-10
31	0.00000000018	1.0E+10	1.0E+10	1E-30	9.24471336858253E-11	1.0E+10	1E-30	1.0E+10	9.69827053066719E-02	6.17815291857257E-10	3.0965184373327E-11	0.992125493610705	1.42440435359605E-10	4.31544965629697E-11	2.11732832392785	2.42003174717458E-11	5.23756644356779E-11	3.2963448242955	1.30435376997764E-12	5.80272765683617E-10	315.398531670233	1.0E+10	1E-30	1.0E-10	1.0E+10	1E-30	1.0E-10	1.0E+10	1E-30	1.0E-10	1.0E+10	1E-30	1.0E-10	1.0E+10	1E-30	1.0E-10	1.0E+10	1E-30	1.0E-10	1.0E+10	1E-30	1.0E-10	1.0E+10	1E-30	1.0E-10	1.0E+10	1E-30	1.0E-10	1.0E+10	1E-30	1.0E-10	1.0E+10	1E-30	1.0E-10
32	0.00000000022	1.0E+10	1.0E+10	1E-30	4.3205293883397E-11	1.0E+10	1E-30	1.0E+10	0.088731730306939	7.30353288528013E-10	3.60255256996009E-11	1.16686907134694	1.72998486586784E-10	5.15924792704781E-11	2.0388479119142	1.49992958475946E-11	6.02337906713138E-11	3.66406709283454	8.68375338622425E-13	6.10852821556741E-10	563.962719568008	1.0E+10	1E-30	1.0E-10	1.0E+10	1E-30	1.0E-10	1.0E+10	1E-30	1.0E-10	1.0E+10	1E-30	1.0E-10	1.0E+10	1E-30	1.0E-10	1.0E+10	1E-30	1.0E-10	1.0E+10	1E-30	1.0E-10	1.0E+10	1E-30	1.0E-10	1.0E+10	1E-30	1.0E-10	1.0E+10	1E-30	1.0E-10	1.0E+10	1E-30	1.0E-10
33	0.00000000022	1.0E+10	1.0E+10	1E-30	0.000000000005	1.0E+10	1E-30	1.0E+10	0.09	5.97456719105805E-10	4.31066070955026E-11	1.28071748896646	1.9356647868596E-10	4.55563753060345E-11	2.05389312236237	2.28869076769028E-10	1.68875286709803E-11	0.946123141843287	6.28049200644144E-11	3.44621948587361E-11	2.16982903261717	8.66410401297874E-13	6.53066635730469E-10	530.581674884292	1.0E+10	1E-30	1.0E-10	1.0E+10	1E-30	1.0E-10	1.0E+10	1E-30	1.0E-10	1.0E+10	1E-30	1.0E-10	1.0E+10	1E-30	1.0E-10	1.0E+10	1E-30	1.0E-10	1.0E+10	1E-30	1.0E-10	1.0E+10	1E-30	1.0E-10	1.0E+10	1E-30	1.0E-10	1.0E+10	1E-30	1.0E-10
34	0.00000000027	1.0E+10	1.0E+10	1E-30	5.0053161880519E-12	1.0E+10	1E-30	1.0E+10	6.70224003709381E-02	9.09911452879591E-10	3.10884595283832E-11	1.11280851614658	2.03536881284159E-10	4.45486399503138E-11	1.91774404081687	7.9582881518753E-13	6.54276954725243E-10	130.503544841769	1.0E+10	1E-30	1.0E-10	1.0E+10	1E-30	1.0E-10	1.0E+10	1E-30	1.0E-10	1.0E+10	1E-30	1.0E-10	1.0E+10	1E-30	1.0E-10	1.0E+10	1E-30	1.0E-10	1.0E+10	1E-30	1.0E-10	1.0E+10	1E-30	1.0E-10	1.0E+10	1E-30	1.0E-10	1.0E+10	1E-30	1.0E-10	1.0E+10	1E-30	1.0E-10	1.0E+10	1E-30	1.0E-10
35	0.00000000027	1.0E+10	1.0E+10	1E-30	0.000000000005	1.0E+10	1E-30	1.0E+10	0.08	8.61468074917903E-10	3.37102260710003E-11	0.961241834841765	1.76172605210544E-10	5.47628801160072E-11	1.85664756782943	4.32988133430749E-10	9.24905801765257E-12	0.691927390357721	7.08462112936795E-11	3.29165897292568E-11	1.96498305597411	8.97727383649295E-13	6.36114412202717E-10	233.664551259748	1.0E+10	1E-30	1.0E-10	1.0E+10	1E-30	1.0E-10	1.0E+10	1E-30	1.0E-10	1.0E+10	1E-30	1.0E-10	1.0E+10	1E-30	1.0E-10	1.0E+10	1E-30	1.0E-10	1.0E+10	1E-30	1.0E-10	1.0E+10	1E-30	1.0E-10	1.0E+10	1E-30	1.0E-10	1.0E+10	1E-30	1.0E-10
36	0.00000000033	1.0E+10	1.0E+10	1E-30	1.86865024903397E-12	1.0E+10	1E-30	1.0E+10	5.77337791431679E-02	1E-30	1.32282445591398E-10	5.41387876674563	1.00956556227834E-09	3.85259696704481E-11	1.30494180986258	2.86921939043667E-10	4.58835700632975E-11	1.9283518650093	1.46596189288473E-09	3.93661051669087E-12	0.237102345823262	6.42528331304559E-10	5.40873972740608E-12	0.465139070797526	9.41788385051453E-13	4.87793552771402E-10	1472.41726940582	1.0E+10	1E-30	1.0E-10	1.0E+10	1E-30	1.0E-10	1.0E+10	1E-30	1.0E-10	1.0E+10	1E-30	1.0E-10	1.0E+10	1E-30	1.0E-10	1.0E+10	1E-30	1.0E-10	1.0E+10	1E-30	1.0E-10	1.0E+10	1E-30	1.0E-10	1.0E+10	1E-30	1.0E-10
37	0.00000000033	1.0E+10	1.0E+10	1E-30	1.14203251200781E-11	1.0E+10	1E-30	1.0E+10	6.60072256038949E-02	1.04289287127403E-09	3.68400481497072E-11	1.29160158050814	2.45843590783979E-10	5.71517276994951E-11	1.99168390893356	1.20737586657547E-09	5.09989740358514E-12	0.321060890920157	1.45074040845163E-10	2.31698814981344E-11	1.22645855212813	4.56393888501525E-11	2.623508308593E-11	2.19940314187132	1.11038479854536E-12	5.40667397579604E-10	302.143999228711	1.0E+10	1E-30	1.0E-10	1.0E+10	1E-30	1.0E-10	1.0E+10	1E-30	1.0E-10	1.0E+10	1E-30	1.0E-10	1.0E+10	1E-30	1.0E-10	1.0E+10	1E-30	1.0E-10	1.0E+10	1E-30	1.0E-10	1.0E+10	1E-30	1.0E-10	1.0E+10	1E-30	1.0E-10
38	0.00000000039	1.0E+10	1.0E+10	1E-30	5.92049409076027E-11	1.0E+10	1E-30	1.0E+10	0.11206023975704	1.80809831193621E-09	1.3737937376002E-11	0.221340938879682	1.94137478547575E-10	3.44272035980649E-11	0.793037473949741	5.36025837574952E-12	1.39177349902825E-10	11.5499752416236	1.01972692653217E-12	6.31728754650267E-10	902.54899753876	1.0E+10	1E-30	1.0E-10	1.0E+10	1E-30	1.0E-10	1.0E+10	1E-30	1.0E-10	1.0E+10	1E-30	1.0E-10	1.0E+10	1E-30	1.0E-10	1.0E+10	1E-30	1.0E-10	1.0E+10	1E-30	1.0E-10	1.0E+10	1E-30	1.0E-10	1.0E+10	1E-30	1.0E-10	1.0E+10	1E-30	1.0E-10	1.0E+10	1E-30	1.0E-10
39	0.00000000039	1.0E+10	1.0E+10	1E-30	2.21160914549629E-11	1.0E+10	1E-30	1.0E+10	0.042762327810001	1E-30	1.57601851844031E-10	2.63039743507245	1.4311977360976E-09	5.0378566918781E-11	1.4118763441091	4.99120258833082E-10	5.49280494652165E-11	1.99207009170085	5.31063304263332E-09	2.55142084782617E-12	0.138869417527658	7.50181068686276E-10	1.00637705490897E-11	0.409817514968615	6.90688194653093E-11	1.3227983744217E-11	2.03055191473168	8.72649508869942E-13	5.89005542889271E-10	984.460738588895	1.0E+10	1E-30	1.0E-10	1.0E+10	1E-30	1.0E-10	1.0E+10	1E-30	1.0E-10	1.0E+10	1E-30	1.0E-10	1.0E+10	1E-30	1.0E-10	1.0E+10	1E-30	1.0E-10	1.0E+10	1E-30	1.0E-10	1.0E+10	1E-30	1.0E-10
40	0.00000000047	1.0E+10	1.0E+10	1E-30	5.51013055346332E-11	1.0E+10	1E-30	1.0E+10	8.77357251691321E-02	1E-30	6.78796266970019E-11	1.03218921271903	3.85313880326585E-09	8.57575906188703E-12	0.211939853785615	4.28590675753279E-10	2.22582966236895E-11	0.597939263626913	1.00313679983357E-12	6.95585991886703E-10	366.481174488001	1.0E+10	1E-30	1.0E-10	1.0E+10	1E-30	1.0E-10	1.0E+10	1E-30	1.0E-10	1.0E+10	1E-30	1.0E-10	1.0E+10	1E-30	1.0E-10	1.0E+10	1E-30	1.0E-10	1.0E+10	1E-30	1.0E-10	1.0E+10	1E-30	1.0E-10	1.0E+10	1E-30	1.0E-10	1.0E+10	1E-30	1.0E-10	1.0E+10	1E-30	1.0E-10
41	0.00000000047	1.0E+10	1.0E+10	1E-30	4.8807865989158E-11	1.0E+10	1E-30	1.0E+10	4.46119529149673E-02	1.2183769991325E-09	7.10347036491274E-11	1.94856371280806	5.91107345964373E-10	6.19657373446857E-11	2.07172644490565	1.28174283611276E-09	1.35934904473775E-11	0.487326929835331	6.38662152068864E-10	1.6048993326631E-11	0.695263226946721	7.04566830684769E-10	7.37816954671887E-12	0.226175862385281	6.87739176128802E-13	5.78739256771872E-10	78.3800106016991	1.0E+10	1E-30	1.0E-10	1.0E+10	1E-30	1.0E-10	1.0E+10	1E-30	1.0E-10	1.0E+10	1E-30	1.0E-10	1.0E+10	1E-30	1.0E-10	1.0E+10	1E-30	1.0E-10	1.0E+10	1E-30	1.0E-10	1.0E+10	1E-30	1.0E-10	1.0E+10	1E-30	1.0E-10
42	0.00000000056	1.0E+10	1.0E+10	1E-30	6.32873205513357E-11	1.0E+10	1E-30	1.0E+10	6.88190248146085E-02	2.36818100251909E-09	2.04637056649497E-11	0.354184811181018	3.24631983033075E-10	4.42233997882511E-11	0.906172344374401	1.1016863110324E-10	2.84818502998389E-11	0.780973299070892	1.33223869438157E-11	6.67080356635079E-11	5.07906400923793	9.58501556420867E-13	6.14545441871351E-10	1351.74424602681	1.0E+10	1E-30	1.0E-10	1.0E+10	1E-30	1.0E-10	1.0E+10	1E-30	1.0E-10	1.0E+10	1E-30	1.0E-10	1.0E+10	1E-30	1.0E-10	1.0E+10	1E-30	1.0E-10	1.0E+10	1E-30	1.0E-10	1.0E+10	1E-30	1.0E-10	1.0E+10	1E-30	1.0E-10	1.0E+10	1E-30	1.0E-10
43	0.00000000056	1.0E+10	1.0E+10	1E-30	2.52524701488838E-11	1.0E+10	1E-30	1.0E+10	3.70251270513107E-02	1E-30	1.15857827825095E-10	1.53239859454725	1.79533492050873E-09	5.14131650079542E-11	1.98202128719944	6.77075204348768E-10	5.17419667920114E-11	2.08534379032427	2.95467135169045E-09	5.55259499254857E-12	0.310859936872359	8.62967710892121E-10	1.16975337050849E-11	0.574712479233227	7.07686543921181E-13	5.57771331219959E-10	739.373121074928	1.0E+10	1E-30	1.0E-10	1.0E+10	1E-30	1.0E-10	1.0E+10	1E-30	1.0E-10	1.0E+10	1E-30	1.0E-10	1.0E+10	1E-30	1.0E-10	1.0E+10	1E-30	1.0E-10	1.0E+10	1E-30	1.0E-10	1.0E+10	1E-30	1.0E-10	1.0E+10	1E-30	1.0E-10
44	0.00000000068	1.0E+10	1.0E+10	1E-30	4.28489657814885E-12	1.0E+10	1E-30	1.0E+10	5.96848999727673E-02	1E-30	2.42965357736993E-10	5.9642200271921	3.889278332459E-09	1.65261842216724E-11	0.299968394960552	8.11619170180851E-10	2.63654527577066E-11	0.799673789075073	1.01811289786359E-12	6.08930389373917E-10	1459.65356658256	1.0E+10	1E-30	1.0E-10	1.0E+10	1E-30	1.0E-10	1.0E+10	1E-30	1.0E-10	1.0E+10	1E-30	1.0E-10	1.0E+10	1E-30	1.0E-10	1.0E+10	1E-30	1.0E-10	1.0E+10	1E-30	1.0E-10	1.0E+10	1E-30	1.0E-10	1.0E+10	1E-30	1.0E-10	1.0E+10	1E-30	1.0E-10	1.0E+10	1E-30	1.0E-10
45	0.00000000068	1.0E+10	1.0E+10	1E-30	6.11755372405243E-11	1.0E+10	1E-30	1.0E+10	0.028718471263678	1E-30	1.45379108406052E-10	1.60216358300665	1.49173556913473E-09	8.62353315627104E-11	1.94408151148571	1.0810546824284E-09	4.92526922409274E-11	1.86931975513898	2.38733655075416E-09	1.06362635592871E-11	0.452175654967666	9.77429096117374E-10	1.57279493661661E-11	0.593178333616919	9.65192727068349E-13	3.98103945811592E-10	196.006980825425	1.0E+10	1E-30	1.0E-10	1.0E+10	1E-30	1.0E-10	1.0E+10	1E-30	1.0E-10	1.0E+10	1E-30	1.0E-10	1.0E+10	1E-30	1.0E-10	1.0E+10	1E-30	1.0E-10	1.0E+10	1E-30	1.0E-10	1.0E+10	1E-30	1.0E-10	1.0E+10	1E-30	1.0E-10
46	0.00000000082	1.0E+10	1.0E+10	1E-30	2.33831459864878E-11	1.0E+10	1E-30	1.0E+10	4.91126307116976E-02	1E-30	8.26137054940231E-11	1.00917827431162	4.31462464367613E-09	2.06468453007411E-11	0.425782198148606	7.34812552017648E-10	4.35756927990699E-11	0.858570999867545	8.1976922002869E-12	8.7622446058909E-11	12.1074056550201	1.04844743093292E-12	5.55613114226284E-10	523.615892930635	1.0E+10	1E-30	1.0E-10	1.0E+10	1E-30	1.0E-10	1.0E+10	1E-30	1.0E-10	1.0E+10	1E-30	1.0E-10	1.0E+10	1E-30	1.0E-10	1.0E+10	1E-30	1.0E-10	1.0E+10	1E-30	1.0E-10	1.0E+10	1E-30	1.0E-10	1.0E+10	1E-30	1.0E-10	1.0E+10	1E-30	1.0E-10
47	0.00000000082	1.0E+10	1.0E+10	1E-30	1.31995616464097E-11	1.0E+10	1E-30	1.0E+10	1.32123694010346E-02	1E-30	1.28739570108728E-10	1.43913923871432	2.00714379692787E-09	9.00530933759949E-11	1.82617965281905	1.09409748174584E-09	6.7106987245084E-11	1.81254598449232	3.70883440663356E-09	9.6209342098478E-12	0.367819334614024	1.17494983820889E-09	1.85528324955696E-11	0.529801535112639	2.38483558717368E-11	3.64000223806344E-11	5.04330089301667	1.27002619000378E-12	5.4155060826935E-10	603.419052206278	1.0E+10	1E-30	1.0E-10	1.0E+10	1E-30	1.0E-10	1.0E+10	1E-30	1.0E-10	1.0E+10	1E-30	1.0E-10	1.0E+10	1E-30	1.0E-10	1.0E+10	1E-30	1.0E-10	1.0E+10	1E-30	1.0E-10	1.0E+10	1E-30	1.0E-10
48	1.00165397082362E-09	1.0E+10	1.0E+10	1E-30	1.07722847235629E-11	1.0E+10	1E-30	1.0E+10	2.21860254501332E-02	1E-30	1.22851593797083E-10	0.903214077253386	2.96516048971881E-08	6.76056065161759E-11	2.85706571308485E-02	4.22775482627595E-09	3.0053921142996E-11	0.499316407620991	1.33579217123823E-09	3.38400080663305E-11	0.725405396503323	6.93539636559622E-13	6.31052965413541E-10	284.239407286452	1.0E+10	1E-30	1.0E-10	1.0E+10	1E-30	1.0E-10	1.0E+10	1E-30	1.0E-10	1.0E+10	1E-30	1.0E-10	1.0E+10	1E-30	1.0E-10	1.0E+10	1E-30	1.0E-10	1.0E+10	1E-30	1.0E-10	1.0E+10	1E-30	1.0E-10	1.0E+10	1E-30	1.0E-10	1.0E+10	1E-30	1.0E-10
49	1.02635775451548E-09	1.0E+10	1.0E+10	1E-30	2.51819036994481E-11	1.0E+10	1E-30	1.0E+10	6.04658011447181E-03	1E-30	2.0031584008278E-10	1.207058067903	1E-30	7.69439548732407E-11	1.87538056835883E-02	2.58255987264226E-09	9.0354157983915E-11	2.24692934270305	1.70320657733855E-09	5.99289076069746E-11	1.66999356490126	5.91149147754345E-09	8.53299277927871E-12	0.33025673314576	2.05377873297054E-09	1.62315563655278E-11	0.513119863877898	9.55294409504558E-13	4.42985591319844E-10	229.960495548515	1.0E+10	1E-30	1.0E-10	1.0E+10	1E-30	1.0E-10	1.0E+10	1E-30	1.0E-10	1.0E+10	1E-30	1.0E-10	1.0E+10	1E-30	1.0E-10	1.0E+10	1E-30	1.0E-10	1.0E+10	1E-30	1.0E-10	1.0E+10	1E-30	1.0E-10
50	9.97992716186185E-10	1.0E+10	1.0E+10	1E-30	0.000000000005	1.0E+10	1E-30	1.0E+10	0.27	2.33614101653796E-08	1.0E+10	136.254568508672	7.47758850857342E-08	1.0E+10	2.66053258529499	3.3757739777794E-08	1.0E+10	0.589327603608506	9.85243603978508E-09	1.0E+10	0.201923339630438	1.50585520916085E-13	5.52048540937937E-10	41.4473468588477	3.74359519407147E-12	1.50362268220421E-10	10.6284824374134	2.39247331381882E-11	1.03191945469443E-10	6.04756220543908	4.64990866029152E-10	8.51169135821409E-11	0.733447324541873	9.24730665715667E-09	1.09568317996596E-11	0.113682165775919	1.0E+10	1E-30	1.0E-10	1.0E+10	1E-30	1.0E-10	1.0E+10	1E-30	1.0E-10	1.0E+10	1E-30	1.0E-10	1.0E+10	1E-30	1.0E-10	1.0E+10	1E-30	1.0E-10
51	9.97992716186185E-10	1.0E+10	1.0E+10	1E-30	0.000000000005	1.0E+10	1E-30	1.0E+10	0.27	2.33614101653796E-08	1.0E+10	136.254568508672	7.47758850857342E-08	1.0E+10	2.66053258529499	3.3757739777794E-08	1.0E+10	0.589327603608506	9.85243603978508E-09	1.0E+10	0.201923339630438	1.50585520916085E-13	5.52048540937937E-10	41.4473468588477	3.74359519407147E-12	1.50362268220421E-10	10.6284824374134	2.39247331381882E-11	1.03191945469443E-10	6.04756220543908	4.64990866029152E-10	8.51169135821409E-11	0.733447324541873	9.24730665715667E-09	1.09568317996596E-11	0.113682165775919	1.0E+10	1E-30	1.0E-10	1.0E+10	1E-30	1.0E-10	1.0E+10	1E-30	1.0E-10	1.0E+10	1E-30	1.0E-10	1.0E+10	1E-30	1.0E-10	1.0E+10	1E-30	1.0E-10
52	1.22807073207147E-09	1.0E+10	1.0E+10	1E-30	8.36689613925117E-11	1.0E+10	1E-30	1.0E+10	1.81416657726357E-02	1E-30	1.06070008222594E-10	0.79799929042154	2.89998762809847E-08	5.88348665656481E-11	2.30891127933815E-02	5.36156363229127E-09	2.48152966852508E-11	0.507217426959042	1.57066428059436E-09	2.87796815704865E-11	0.676450946265831	7.91369096449982E-13	5.40453099273604E-10	317.789161983357	1.0E+10	1E-30	1.0E-10	1.0E+10	1E-30	1.0E-10	1.0E+10	1E-30	1.0E-10	1.0E+10	1E-30	1.0E-10	1.0E+10	1E-30	1.0E-10	1.0E+10	1E-30	1.0E-10	1.0E+10	1E-30	1.0E-10	1.0E+10	1E-30	1.0E-10	1.0E+10	1E-30	1.0E-10	1.0E+10	1E-30	1.0E-10
53	1.47671047729966E-09	1.0E+10	1.0E+10	1E-30	2.43250941153499E-10	1.0E+10	1E-30	1.0E+10	1.46233238362792E-02	1E-30	9.96516028497494E-11	0.903575471438042	1E-30	7.10779034067633E-11	2.14991903211614E-02	4.18738801300318E-09	4.4493444012342E-11	0.605036602283286	1.55319260529316E-09	4.454353419612E-11	0.866683112282782	1.21424678056097E-12	3.08486208499214E-10	72.398517374471	1.0E+10	1E-30	1.0E-10	1.0E+10	1E-30	1.0E-10	1.0E+10	1E-30	1.0E-10	1.0E+10	1E-30	1.0E-10	1.0E+10	1E-30	1.0E-10	1.0E+10	1E-30	1.0E-10	1.0E+10	1E-30	1.0E-10	1.0E+10	1E-30	1.0E-10	1.0E+10	1E-30	1.0E-10	1.0E+10	1E-30	1.0E-10
54	1.42623353498413E-09	1.0E+10	1.0E+10	1E-30	0.00000000003	1.0E+10	1E-30	1.0E+10	0.2424	4.14229996234692E-08	1.0E+10	76.8437556616359	1.16043437908801E-07	1.0E+10	1.95930255526969	7.20280068486348E-08	1.0E+10	0.450944043186649	1.76665250221378E-08	1.0E+10	0.200196502069383	1E-30	5.13867853459586E-11	0.215248463112612	1.26894097480571E-12	2.37640006729898E-10	25.0846881378803	4.28883159247745E-12	1.39294963329507E-10	13.7441337921991	6.87836460823281E-12	1.81857008408952E-10	15.1336052918297	1.13674783152106E-11	2.84223554340328E-10	12.6282640105403	1.0E+10	1E-30	1.0E-10	1.0E+10	1E-30	1.0E-10	1.0E+10	1E-30	1.0E-10	1.0E+10	1E-30	1.0E-10	1.0E+10	1E-30	1.0E-10	1.0E+10	1E-30	1.0E-10
55	1.42623353498413E-09	1.0E+10	1.0E+10	1E-30	0.00000000003	1.0E+10	1E-30	1.0E+10	0.2424	4.14229996234692E-08	1.0E+10	76.8437556616359	1.16043437908801E-07	1.0E+10	1.95930255526969	7.20280068486348E-08	1.0E+10	0.450944043186649	1.76665250221378E-08	1.0E+10	0.200196502069383	1E-30	5.13867853459586E-11	0.215248463112612	1.26894097480571E-12	2.37640006729898E-10	25.0846881378803	4.28883159247745E-12	1.39294963329507E-10	13.7441337921991	6.87836460823281E-12	1.81857008408952E-10	15.1336052918297	1.13674783152106E-11	2.84223554340328E-10	12.6282640105403	1.0E+10	1E-30	1.0E-10	1.0E+10	1E-30	1.0E-10	1.0E+10	1E-30	1.0E-10	1.0E+10	1E-30	1.0E-10	1.0E+10	1E-30	1.0E-10	1.0E+10	1E-30	1.0E-10
56	1.80710756926631E-09	1.0E+10	100000000000	1E-30	8.74717104508733E-11	1.0E+10	1E-30	1.0E+10	1.82158281890393E-02	1E-30	6.21756441539719E-11	0.514307036412029	1E-30	9.04840445850402E-11	2.77643117254597E-02	8.91672190311391E-09	1.84228538180043E-11	0.228539594450434	1.65678125980971E-09	3.06094761123997E-11	0.427296545575423	1.28322854895589E-12	6.06981507656129E-10	369.897425983094	1.0E+10	1E-30	1.0E-10	1.0E+10	1E-30	1.0E-10	1.0E+10	1E-30	1.0E-10	1.0E+10	1E-30	1.0E-10	1.0E+10	1E-30	1.0E-10	1.0E+10	1E-30	1.0E-10	1.0E+10	1E-30	1.0E-10	1.0E+10	1E-30	1.0E-10	1.0E+10	1E-30	1.0E-10	1.0E+10	1E-30	1.0E-10
57	1.75104834165898E-09	1.0E+10	1.0E+10	1E-30	5.59040572289031E-11	1.0E+10	1E-30	1.0E+10	1.25321598501378E-02	1E-30	1.30348559803146E-10	0.788403106441187	1E-30	5.76644693774779E-11	2.12204950804411E-02	5.22870018213207E-09	4.82576940199508E-11	0.668107941912181	2.57523645195305E-09	3.90702584771959E-11	0.861740387965329	6.31173966822557E-13	4.73950212648918E-10	651.85904617726	1.0E+10	1E-30	1.0E-10	1.0E+10	1E-30	1.0E-10	1.0E+10	1E-30	1.0E-10	1.0E+10	1E-30	1.0E-10	1.0E+10	1E-30	1.0E-10	1.0E+10	1E-30	1.0E-10	1.0E+10	1E-30	1.0E-10	1.0E+10	1E-30	1.0E-10	1.0E+10	1E-30	1.0E-10	1.0E+10	1E-30	1.0E-10
58	2.2094212790651E-09	1.0E+10	100000000000	1E-30	2.51188643150958E-11	1.0E+10	1E-30	1.0E+10	1.46142730928063E-02	1E-30	9.21921114256389E-11	0.511121848845613	1E-30	8.83280942482642E-11	2.02951785645555E-02	1.05726557771924E-08	2.18723301016437E-11	0.241482261337508	2.31828426772029E-09	3.24048502026613E-11	0.447055824902379	4.72959686982843E-12	9.36935590451512E-11	20.7010043356951	8.26974975337119E-13	5.34724654353251E-10	79432823.4724281	1.0E+10	1E-30	1.0E-10	1.0E+10	1E-30	1.0E-10	1.0E+10	1E-30	1.0E-10	1.0E+10	1E-30	1.0E-10	1.0E+10	1E-30	1.0E-10	1.0E+10	1E-30	1.0E-10	1.0E+10	1E-30	1.0E-10	1.0E+10	1E-30	1.0E-10	1.0E+10	1E-30	1.0E-10
59	2.21914723616349E-09	1.0E+10	1.0E+10	1E-30	9.01546345766111E-11	1.0E+10	1E-30	1.0E+10	9.38153156717354E-03	1E-30	7.30798695688635E-11	2.14776105681938E-02	6.89129064196553E-09	4.95816706179932E-11	0.740540483027611	2.09325005651145E-09	6.3322095171497E-11	0.86054426264207	8.93782526788701E-09	6.76577720753615E-12	0.150200377745751	3.0681277183215E-09	1.19558130568069E-11	0.256489640402436	1.23951366576305E-10	8.00988981484631E-11	0.458332511213236	7.40962711762283E-13	3.87727146162505E-10	118.639264032804	1.0E+10	1E-30	1.0E-10	1.0E+10	1E-30	1.0E-10	1.0E+10	1E-30	1.0E-10	1.0E+10	1E-30	1.0E-10	1.0E+10	1E-30	1.0E-10	1.0E+10	1E-30	1.0E-10	1.0E+10	1E-30	1.0E-10	1.0E+10	1E-30	1.0E-10
60	2.07167544460614E-09	1.0E+10	1.0E+10	1E-30	0.000000000002	1.0E+10	1E-30	1.0E+10	0.18	7.64127394009889E-08	1.0E+10	41.6566515844177	1.56508309599902E-07	1.0E+10	2.03382099645391	1.0419043684522E-07	1.0E+10	0.347167927025446	3.55710151293419E-08	1.0E+10	0.120926685189858	3.54412542008973E-13	3.97960336850223E-10	44.9066904319277	2.65042517360231E-12	3.40230290739157E-10	18.1824887630053	2.28591516913944E-11	1.41339675866103E-10	10.9471963173454	2.44335773098428E-08	4.6075567039698E-13	1.51212746088056E-02	2.09959682619529E-09	3.35121163297148E-11	0.151605242593457	3.44817686485096E-08	6.12166392642374E-12	4.61562586055964E-02	1.0E+10	1E-30	1.0E-10	1.0E+10	1E-30	1.0E-10	1.0E+10	1E-30	1.0E-10	1.0E+10	1E-30	1.0E-10	1.0E+10	1E-30	1.0E-10
61	2.07167544460614E-09	1.0E+10	1.0E+10	1E-30	0.000000000002	1.0E+10	1E-30	1.0E+10	0.18	7.64127394009889E-08	1.0E+10	41.6566515844177	1.56508309599902E-07	1.0E+10	2.03382099645391	1.0419043684522E-07	1.0E+10	0.347167927025446	3.55710151293419E-08	1.0E+10	0.120926685189858	3.54412542008973E-13	3.97960336850223E-10	44.9066904319277	2.65042517360231E-12	3.40230290739157E-10	18.1824887630053	2.28591516913944E-11	1.41339675866103E-10	10.9471963173454	2.44335773098428E-08	4.6075567039698E-13	1.51212746088056E-02	2.09959682619529E-09	3.35121163297148E-11	0.151605242593457	3.44817686485096E-08	6.12166392642374E-12	4.61562586055964E-02	1.0E+10	1E-30	1.0E-10	1.0E+10	1E-30	1.0E-10	1.0E+10	1E-30	1.0E-10	1.0E+10	1E-30	1.0E-10	1.0E+10	1E-30	1.0E-10
62	2.68033646909171E-09	1.0E+10	100000000000	1E-30	1.13085469338358E-10	1.0E+10	1E-30	1.0E+10	0.015	1E-30	8.64578985716741E-11	0.395615144395922	1E-30	7.49365863040047E-11	1.36899495755829E-02	1.0568088575828E-08	3.10384958891233E-11	0.329400985823454	2.60482123613996E-09	4.39663731049305E-11	0.565651081961611	9.08535399272462E-13	4.97929302710896E-10	818.342241521744	1.0E+10	1E-30	1.0E-10	1.0E+10	1E-30	1.0E-10	1.0E+10	1E-30	1.0E-10	1.0E+10	1E-30	1.0E-10	1.0E+10	1E-30	1.0E-10	1.0E+10	1E-30	1.0E-10	1.0E+10	1E-30	1.0E-10	1.0E+10	1E-30	1.0E-10	1.0E+10	1E-30	1.0E-10	1.0E+10	1E-30	1.0E-10
63	0.0000000027	1.0E+10	1.0E+10	1E-30	1.70179476236213E-11	1.0E+10	1E-30	1.0E+10	2.50915027279819E-02	1E-30	5.53429561403824E-11	0.534977164431518	1E-30	7.57477189920301E-11	3.08447996798507E-02	1.89145233397988E-08	1.36564205139575E-11	9.89615116493732E-02	1.63824131061462E-09	4.90616947708808E-11	0.318106573271404	8.70456513005848E-13	7.36677095990455E-10	480.26635525201	1.0E+10	1E-30	1.0E-10	1.0E+10	1E-30	1.0E-10	1.0E+10	1E-30	1.0E-10	1.0E+10	1E-30	1.0E-10	1.0E+10	1E-30	1.0E-10	1.0E+10	1E-30	1.0E-10	1.0E+10	1E-30	1.0E-10	1.0E+10	1E-30	1.0E-10	1.0E+10	1E-30	1.0E-10	1.0E+10	1E-30	1.0E-10
64	2.73656024860824E-09	1.0E+10	1.0E+10	1E-30	4.40288303633407E-11	1.0E+10	1E-30	1.0E+10	8.16159119976772E-03	1E-30	1.75127286074186E-10	0.636411168463328	1E-30	6.27077969544547E-11	1.25840836814271E-02	8.41759493117312E-09	6.14443906761747E-11	0.772558712039589	4.30813789460394E-09	4.8882908014248E-11	0.750482713386	8.27351300582086E-13	4.84018005159857E-10	491.66051638035	1.0E+10	1E-30	1.0E-10	1.0E+10	1E-30	1.0E-10	1.0E+10	1E-30	1.0E-10	1.0E+10	1E-30	1.0E-10	1.0E+10	1E-30	1.0E-10	1.0E+10	1E-30	1.0E-10	1.0E+10	1E-30	1.0E-10	1.0E+10	1E-30	1.0E-10	1.0E+10	1E-30	1.0E-10	1.0E+10	1E-30	1.0E-10
65	3.30368260885125E-09	1.0E+10	100000000000	1E-30	0.00000000005	1.0E+10	1E-30	1.0E+10	1.28193080033215E-02	1E-30	1.22761544886781E-10	0.644276948325781	1E-30	5.95277396263914E-11	2.08406325476296E-02	1.67457191591784E-08	3.72568374219294E-11	0.4905434194896	3.98435758621319E-09	5.50699995451576E-11	0.57590108391888	1.51003975027004E-08	7.58425603657939E-12	9.45811691684847E-02	3.60822799309173E-09	1.65176582335961E-11	0.178591657804281	7.681656403016E-13	4.34147591030728E-10	69184794.9870973	1.0E+10	1E-30	1.0E-10	1.0E+10	1E-30	1.0E-10	1.0E+10	1E-30	1.0E-10	1.0E+10	1E-30	1.0E-10	1.0E+10	1E-30	1.0E-10	1.0E+10	1E-30	1.0E-10	1.0E+10	1E-30	1.0E-10	1.0E+10	1E-30	1.0E-10
66	3.27049785852413E-09	1.0E+10	1.0E+10	1E-30	6.54195428552433E-11	1.0E+10	1E-30	1.0E+10	3.02551850043132E-02	1E-30	7.22281963204709E-11	0.595931010405433	1E-30	6.35868245240587E-11	1.52759203629165E-02	1.75290532462427E-08	2.07949809872137E-11	0.130897822857334	2.82295574433092E-09	4.19848919091967E-11	0.326701840234322	8.31685602766486E-13	6.70355567884901E-10	829.391680391227	1.0E+10	1E-30	1.0E-10	1.0E+10	1E-30	1.0E-10	1.0E+10	1E-30	1.0E-10	1.0E+10	1E-30	1.0E-10	1.0E+10	1E-30	1.0E-10	1.0E+10	1E-30	1.0E-10	1.0E+10	1E-30	1.0E-10	1.0E+10	1E-30	1.0E-10	1.0E+10	1E-30	1.0E-10	1.0E+10	1E-30	1.0E-10
67	3.16591039484913E-09	1.0E+10	1.0E+10	1E-30	2.19879806358381E-10	1.0E+10	1E-30	1.0E+10	8.53868427608913E-03	1E-30	1.93748053496116E-10	0.70969180346802	1E-30	4.85363524251163E-11	9.53741732109969E-03	1.12109137278219E-08	5.36748216020132E-11	0.899015935541838	4.4077435375187E-09	5.49367327560062E-11	0.876704043305291	1.10371374314084E-12	3.00579629118269E-10	55.1410639944275	1.0E+10	1E-30	1.0E-10	1.0E+10	1E-30	1.0E-10	1.0E+10	1E-30	1.0E-10	1.0E+10	1E-30	1.0E-10	1.0E+10	1E-30	1.0E-10	1.0E+10	1E-30	1.0E-10	1.0E+10	1E-30	1.0E-10	1.0E+10	1E-30	1.0E-10	1.0E+10	1E-30	1.0E-10	1.0E+10	1E-30	1.0E-10
68	3.13292129797384E-09	1.0E+10	1.0E+10	1E-30	0.000000000001	1.0E+10	1E-30	1.0E+10	0.14	1.46505350299624E-07	1.0E+10	18.1057031667446	2.30081459025817E-07	1.0E+10	1.06420465012542	1.72206560315032E-07	1.0E+10	0.21004761902949	8.15485471821906E-08	1.0E+10	7.22836607837126E-02	3.54225777250717E-13	4.25648218112648E-10	38.7330753320854	2.25162775263362E-12	3.71893246159131E-10	16.9892913980536	3.21216306741076E-11	9.70851841862426E-11	6.61516573756543	1.53824837940627E-09	5.44362773450221E-11	0.290428206154437	3.94407553357095E-08	7.13596202568172E-12	3.66844677973812E-02	1.0E+10	1E-30	1.0E-10	1.0E+10	1E-30	1.0E-10	1.0E+10	1E-30	1.0E-10	1.0E+10	1E-30	1.0E-10	1.0E+10	1E-30	1.0E-10	1.0E+10	1E-30	1.0E-10
69	3.13292129797384E-09	1.0E+10	1.0E+10	1E-30	0.000000000001	1.0E+10	1E-30	1.0E+10	0.14	1.46505350299624E-07	1.0E+10	18.1057031667446	2.30081459025817E-07	1.0E+10	1.06420465012542	1.72206560315032E-07	1.0E+10	0.21004761902949	8.15485471821906E-08	1.0E+10	7.22836607837126E-02	3.54225777250717E-13	4.25648218112648E-10	38.7330753320854	2.25162775263362E-12	3.71893246159131E-10	16.9892913980536	3.21216306741076E-11	9.70851841862426E-11	6.61516573756543	1.53824837940627E-09	5.44362773450221E-11	0.290428206154437	3.94407553357095E-08	7.13596202568172E-12	3.66844677973812E-02	1.0E+10	1E-30	1.0E-10	1.0E+10	1E-30	1.0E-10	1.0E+10	1E-30	1.0E-10	1.0E+10	1E-30	1.0E-10	1.0E+10	1E-30	1.0E-10	1.0E+10	1E-30	1.0E-10
70	3.98185078783045E-09	1.0E+10	100000000000	1E-30	2.13143713040767E-10	1.0E+10	1E-30	1.0E+10	0.011	1E-30	9.7727744952588E-11	0.440612114488836	1E-30	8.25800863952673E-11	1.94827820027936E-02	1.916921226663E-08	3.86827634307596E-11	0.283816826523921	3.87968059446915E-09	6.03144776617382E-11	0.45190464747767	1.30757543875976E-12	3.94546442152676E-10	943.379107720899	1.0E+10	1E-30	1.0E-10	1.0E+10	1E-30	1.0E-10	1.0E+10	1E-30	1.0E-10	1.0E+10	1E-30	1.0E-10	1.0E+10	1E-30	1.0E-10	1.0E+10	1E-30	1.0E-10	1.0E+10	1E-30	1.0E-10	1.0E+10	1E-30	1.0E-10	1.0E+10	1E-30	1.0E-10	1.0E+10	1E-30	1.0E-10
71	3.98185078783045E-09	1.0E+10	100000000000	1E-30	2.13143713040767E-10	1.0E+10	1E-30	1.0E+10	0.011	1E-30	9.7727744952588E-11	0.440612114488836	1E-30	8.25800863952673E-11	1.94827820027936E-02	1.916921226663E-08	3.86827634307596E-11	0.283816826523921	3.87968059446915E-09	6.03144776617382E-11	0.45190464747767	1.30757543875976E-12	3.94546442152676E-10	943.379107720899	1.0E+10	1E-30	1.0E-10	1.0E+10	1E-30	1.0E-10	1.0E+10	1E-30	1.0E-10	1.0E+10	1E-30	1.0E-10	1.0E+10	1E-30	1.0E-10	1.0E+10	1E-30	1.0E-10	1.0E+10	1E-30	1.0E-10	1.0E+10	1E-30	1.0E-10	1.0E+10	1E-30	1.0E-10	1.0E+10	1E-30	1.0E-10
72	3.87865905012646E-09	1.0E+10	1.0E+10	1E-30	1.9326198641274E-12	1.0E+10	1E-30	1.0E+10	2.05206882203419E-02	1E-30	9.80080299393778E-11	0.338770127120495	1E-30	6.98171096289781E-11	9.82015974941718E-03	2.12524441507179E-08	2.37349780730717E-11	0.160322321110359	4.27302503585727E-09	4.14592937371816E-11	0.311598474755215	7.41817306718374E-13	6.95435508571887E-10	668.662449647769	1.0E+10	1E-30	1.0E-10	1.0E+10	1E-30	1.0E-10	1.0E+10	1E-30	1.0E-10	1.0E+10	1E-30	1.0E-10	1.0E+10	1E-30	1.0E-10	1.0E+10	1E-30	1.0E-10	1.0E+10	1E-30	1.0E-10	1.0E+10	1E-30	1.0E-10	1.0E+10	1E-30	1.0E-10	1.0E+10	1E-30	1.0E-10
73	3.95522189002766E-09	1.0E+10	1.0E+10	1E-30	1.21294927948263E-10	1.0E+10	1E-30	1.0E+10	8.36486653196224E-03	1E-30	1.74833875748221E-10	0.51760283069309	1E-30	5.5129623470721E-11	1.24260973072263E-02	1.05673695044894E-08	7.8649232265661E-11	0.817604321546343	7.75066152025823E-09	4.39073577393102E-11	0.759166554373846	8.34516339649973E-13	4.86564924574366E-10	80.6199312181479	1.0E+10	1E-30	1.0E-10	1.0E+10	1E-30	1.0E-10	1.0E+10	1E-30	1.0E-10	1.0E+10	1E-30	1.0E-10	1.0E+10	1E-30	1.0E-10	1.0E+10	1E-30	1.0E-10	1.0E+10	1E-30	1.0E-10	1.0E+10	1E-30	1.0E-10	1.0E+10	1E-30	1.0E-10	1.0E+10	1E-30	1.0E-10
74	4.67184058853517E-09	1.0E+10	100000000000	1E-30	6.50264412931279E-11	1.0E+10	1E-30	1.0E+10	8.82369474221438E-03	1E-30	1.28988584436717E-10	0.456241434695	1E-30	1.10509801309854E-10	1.44373621694291E-02	2.52103173567685E-08	3.45209761936377E-11	0.285057032025914	6.69534749873601E-09	4.48626673129992E-11	0.39856585802266	7.43190294131319E-08	2.08440637316506E-12	1.68158706367561E-02	8.56143699144484E-09	9.6735657390615E-12	0.103924072884362	9.74542589041189E-13	3.84964351103481E-10	19952623.1496888	2.76929263567537E-12	1.07332212074664E-10	27.6006264410462	1.0E+10	1E-30	1.0E-10	1.0E+10	1E-30	1.0E-10	1.0E+10	1E-30	1.0E-10	1.0E+10	1E-30	1.0E-10	1.0E+10	1E-30	1.0E-10	1.0E+10	1E-30	1.0E-10	1.0E+10	1E-30	1.0E-10
75	4.67184058853517E-09	1.0E+10	100000000000	1E-30	6.50264412931279E-11	1.0E+10	1E-30	1.0E+10	8.82369474221438E-03	1E-30	1.28988584436717E-10	0.456241434695	1E-30	1.10509801309854E-10	1.44373621694291E-02	2.52103173567685E-08	3.45209761936377E-11	0.285057032025914	6.69534749873601E-09	4.48626673129992E-11	0.39856585802266	7.43190294131319E-08	2.08440637316506E-12	1.68158706367561E-02	8.56143699144484E-09	9.6735657390615E-12	0.103924072884362	9.74542589041189E-13	3.84964351103481E-10	19952623.1496888	2.76929263567537E-12	1.07332212074664E-10	27.6006264410462	1.0E+10	1E-30	1.0E-10	1.0E+10	1E-30	1.0E-10	1.0E+10	1E-30	1.0E-10	1.0E+10	1E-30	1.0E-10	1.0E+10	1E-30	1.0E-10	1.0E+10	1E-30	1.0E-10	1.0E+10	1E-30	1.0E-10
76	4.76026765198938E-09	1.0E+10	1.0E+10	1E-30	4.97987363206194E-11	1.0E+10	1E-30	1.0E+10	1.59944884017452E-02	1E-30	1.15763285914998E-10	0.387012304005335	1E-30	7.51215881390849E-11	1.64833088663684E-02	2.61165171065956E-08	2.68670021776236E-11	0.181447886490989	5.05085571099403E-09	5.18466553600728E-11	0.37719465810969	8.23564397280863E-13	5.85442231939544E-10	704.039111076936	1.0E+10	1E-30	1.0E-10	1.0E+10	1E-30	1.0E-10	1.0E+10	1E-30	1.0E-10	1.0E+10	1E-30	1.0E-10	1.0E+10	1E-30	1.0E-10	1.0E+10	1E-30	1.0E-10	1.0E+10	1E-30	1.0E-10	1.0E+10	1E-30	1.0E-10	1.0E+10	1E-30	1.0E-10	1.0E+10	1E-30	1.0E-10
77	4.72725427254238E-09	1.0E+10	1.0E+10	1E-30	2.7481722886973E-10	1.0E+10	1E-30	1.0E+10	6.52496901820684E-03	1E-30	2.07688007677151E-10	0.495091476403285	1E-30	5.12559569353153E-11	7.97748904133964E-03	1.38524223755982E-08	7.99768777142499E-11	1.03953510557648	8.63499390508716E-09	5.43242196208789E-11	0.732816116438817	1.69643694005007E-08	1.39304871885868E-11	0.231484245680835	1.21261114372578E-08	1.25171298095736E-11	0.214833250098798	1.56213994179648E-12	2.31095897529525E-10	161.764583693933	1.0E+10	1E-30	1.0E-10	1.0E+10	1E-30	1.0E-10	1.0E+10	1E-30	1.0E-10	1.0E+10	1E-30	1.0E-10	1.0E+10	1E-30	1.0E-10	1.0E+10	1E-30	1.0E-10	1.0E+10	1E-30	1.0E-10	1.0E+10	1E-30	1.0E-10
78	4.57575300355343E-09	1.0E+10	1.0E+10	1E-30	0.000000000005	1.0E+10	1E-30	1.0E+10	0.105	2.29812232437839E-07	1.0E+10	11.5423898751012	3.56350430972782E-07	1.0E+10	0.687115090430796	2.24163449806475E-07	1.0E+10	0.161362514748316	1.19796121532783E-07	1.0E+10	4.92054955244018E-02	1.56688793286359E-12	1.72898297348596E-10	40.6295663534864	1.18422442425577E-12	4.49270670585824E-10	33.974663936075	2.11263354817287E-11	1.17089010167304E-10	8.78906647587471	5.37145766243798E-10	7.36831412394013E-11	0.379868578807995	3.00261475735821E-09	5.27254950216931E-11	0.257146935202661	3.29557902601243E-08	1.58804634075582E-11	7.45996673557281E-02	1.0E+10	1E-30	1.0E-10	1.0E+10	1E-30	1.0E-10	1.0E+10	1E-30	1.0E-10	1.0E+10	1E-30	1.0E-10	1.0E+10	1E-30	1.0E-10
79	4.57575300355343E-09	1.0E+10	1.0E+10	1E-30	0.000000000005	1.0E+10	1E-30	1.0E+10	0.105	2.29812232437839E-07	1.0E+10	11.5423898751012	3.56350430972782E-07	1.0E+10	0.687115090430796	2.24163449806475E-07	1.0E+10	0.161362514748316	1.19796121532783E-07	1.0E+10	4.92054955244018E-02	1.56688793286359E-12	1.72898297348596E-10	40.6295663534864	1.18422442425577E-12	4.49270670585824E-10	33.974663936075	2.11263354817287E-11	1.17089010167304E-10	8.78906647587471	5.37145766243798E-10	7.36831412394013E-11	0.379868578807995	3.00261475735821E-09	5.27254950216931E-11	0.257146935202661	3.29557902601243E-08	1.58804634075582E-11	7.45996673557281E-02	1.0E+10	1E-30	1.0E-10	1.0E+10	1E-30	1.0E-10	1.0E+10	1E-30	1.0E-10	1.0E+10	1E-30	1.0E-10	1.0E+10	1E-30	1.0E-10
80	5.56454390550525E-09	1.0E+10	100000000000	1E-30	2.29681033928609E-10	1.0E+10	1E-30	1.0E+10	7.71453695013101E-03	1E-30	1.30385937855904E-10	0.433826214176905	1E-30	6.86056952668119E-11	1.27886980272515E-02	2.26129052299181E-08	4.97000927916322E-11	0.41147102766346	8.10238577652344E-09	5.27411635553115E-11	0.512348803168498	4.02435219190218E-08	5.74705141234557E-12	8.20729180935863E-02	7.71884207891436E-09	1.64529945894674E-11	0.159605904190006	1.4672135275113E-12	2.82572093133092E-10	132.114536206211	1.0E+10	1E-30	1.0E-10	1.0E+10	1E-30	1.0E-10	1.0E+10	1E-30	1.0E-10	1.0E+10	1E-30	1.0E-10	1.0E+10	1E-30	1.0E-10	1.0E+10	1E-30	1.0E-10	1.0E+10	1E-30	1.0E-10	1.0E+10	1E-30	1.0E-10
81	5.56454390550525E-09	1.0E+10	100000000000	1E-30	2.29681033928609E-10	1.0E+10	1E-30	1.0E+10	7.71453695013101E-03	1E-30	1.30385937855904E-10	0.433826214176905	1E-30	6.86056952668119E-11	1.27886980272515E-02	2.26129052299181E-08	4.97000927916322E-11	0.41147102766346	8.10238577652344E-09	5.27411635553115E-11	0.512348803168498	4.02435219190218E-08	5.74705141234557E-12	8.20729180935863E-02	7.71884207891436E-09	1.64529945894674E-11	0.159605904190006	1.4672135275113E-12	2.82572093133092E-10	132.114536206211	1.0E+10	1E-30	1.0E-10	1.0E+10	1E-30	1.0E-10	1.0E+10	1E-30	1.0E-10	1.0E+10	1E-30	1.0E-10	1.0E+10	1E-30	1.0E-10	1.0E+10	1E-30	1.0E-10	1.0E+10	1E-30	1.0E-10	1.0E+10	1E-30	1.0E-10
82	5.49819030475773E-09	1.0E+10	1.0E+10	1E-30	1.61811863389609E-10	1.0E+10	1E-30	1.0E+10	0.01058471930905	1E-30	9.25387380137597E-11	0.44832861997686	1E-30	7.88132642917865E-11	1.74352376734412E-02	2.22043753264635E-08	4.16039327578829E-11	0.237852103747654	5.43293046801769E-09	6.94110631307529E-11	0.415127237875853	3.7508510048035E-09	2.77538164505413E-11	0.139164394158719	8.94128488521442E-13	4.08235739320138E-10	579.438699699429	1.0E+10	1E-30	1.0E-10	1.0E+10	1E-30	1.0E-10	1.0E+10	1E-30	1.0E-10	1.0E+10	1E-30	1.0E-10	1.0E+10	1E-30	1.0E-10	1.0E+10	1E-30	1.0E-10	1.0E+10	1E-30	1.0E-10	1.0E+10	1E-30	1.0E-10	1.0E+10	1E-30	1.0E-10
83	6.73375292911126E-09	1.0E+10	100000000000	1E-30	0.00000000005	1.0E+10	1E-30	1.0E+10	0.009566748400738	1E-30	1.11293579597582E-10	0.319700659502384	1E-30	1.31637077439469E-10	1.23638540543121E-02	3.37631759105405E-08	3.53345769651842E-11	0.172489979228548	8.3420296281503E-09	4.63982402444794E-11	0.331760758945839	1.30481359215065E-07	1.69625261720308E-12	1.04790106051987E-02	1.03175724971522E-08	9.94614205234017E-12	8.98857788489331E-02	8.81356955577798E-13	5.96389156936433E-10	1000	1.0E+10	1E-30	1.0E-10	1.0E+10	1E-30	1.0E-10	1.0E+10	1E-30	1.0E-10	1.0E+10	1E-30	1.0E-10	1.0E+10	1E-30	1.0E-10	1.0E+10	1E-30	1.0E-10	1.0E+10	1E-30	1.0E-10	1.0E+10	1E-30	1.0E-10
84	6.73375292911126E-09	1.0E+10	100000000000	1E-30	0.00000000005	1.0E+10	1E-30	1.0E+10	0.009566748400738	1E-30	1.11293579597582E-10	0.319700659502384	1E-30	1.31637077439469E-10	1.23638540543121E-02	3.37631759105405E-08	3.53345769651842E-11	0.172489979228548	8.3420296281503E-09	4.63982402444794E-11	0.331760758945839	1.30481359215065E-07	1.69625261720308E-12	1.04790106051987E-02	1.03175724971522E-08	9.94614205234017E-12	8.98857788489331E-02	8.81356955577798E-13	5.96389156936433E-10	1000	1.0E+10	1E-30	1.0E-10	1.0E+10	1E-30	1.0E-10	1.0E+10	1E-30	1.0E-10	1.0E+10	1E-30	1.0E-10	1.0E+10	1E-30	1.0E-10	1.0E+10	1E-30	1.0E-10	1.0E+10	1E-30	1.0E-10	1.0E+10	1E-30	1.0E-10
85	6.80509833761247E-09	1.0E+10	1.0E+10	1E-30	1.4990330916704E-10	1.0E+10	1E-30	1.0E+10	1.23908118913785E-02	1E-30	1.29939093177013E-10	0.316880278649729	1E-30	7.71336869585679E-11	9.71592045719007E-03	3.48202206777108E-08	3.46048151859883E-11	0.231970033352666	7.8763962202166E-09	5.96414947042354E-11	0.353037117051127	7.04404891469802E-13	5.34229742032854E-10	596.938384967599	1.0E+10	1E-30	1.0E-10	1.0E+10	1E-30	1.0E-10	1.0E+10	1E-30	1.0E-10	1.0E+10	1E-30	1.0E-10	1.0E+10	1E-30	1.0E-10	1.0E+10	1E-30	1.0E-10	1.0E+10	1E-30	1.0E-10	1.0E+10	1E-30	1.0E-10	1.0E+10	1E-30	1.0E-10	1.0E+10	1E-30	1.0E-10
86	6.44564419518234E-09	1.0E+10	1.0E+10	1E-30	0.00000000007	1.0E+10	1E-30	1.0E+10	0.098	3.65762454688399E-07	1.0E+10	7.25219975660081	4.27516546147362E-07	1.0E+10	0.620463092895262	2.54630057181727E-07	1.0E+10	0.113644330526511	6.28059302928045E-13	2.80076788755957E-10	25.340750841506	1.84416785171836E-12	4.54061246804984E-10	16.7808990170039	2.45114186774851E-11	1.36648990429602E-10	8.64545096237659	7.09975297869979E-09	3.30349207435113E-12	1.86808075775525E-02	8.08463820561264E-09	2.40087285832459E-11	0.123038083959499	2.79418699967023E-08	1.87300714431365E-11	4.96568279877812E-02	1.0E+10	1E-30	1.0E-10	1.0E+10	1E-30	1.0E-10	1.0E+10	1E-30	1.0E-10	1.0E+10	1E-30	1.0E-10	1.0E+10	1E-30	1.0E-10	1.0E+10	1E-30	1.0E-10
87	6.90090955395121E-09	1.0E+10	1.0E+10	1E-30	1.36393432379992E-10	1.0E+10	1E-30	1.0E+10	8.20863133972243E-02	3.28665141010842E-07	1.0E+10	4.84246496608671	4.04346459040287E-07	1.0E+10	0.278654773664232	2.92923115257773E-07	1.0E+10	3.42820265876896E-02	1.0361393478783E-07	9.97247993156347E-12	4.38220310493613E-02	1.06027413371022E-08	3.53836940358185E-11	0.115263685608981	7.68100709997039E-10	8.48795700496353E-11	0.110075965194082	1.4302704517471E-11	2.08354637360352E-10	17.8522311828293	6.68987751826835E-12	2.03611906787286E-10	13.8577429810601	1.64217019889342E-12	2.8760946286927E-10	16.6606715301976	1.0E+10	1E-30	1.0E-10	1.0E+10	1E-30	1.0E-10	1.0E+10	1E-30	1.0E-10	1.0E+10	1E-30	1.0E-10	1.0E+10	1E-30	1.0E-10	1.0E+10	1E-30	1.0E-10
88	8.12174304319996E-09	1.0E+10	100000000000	1E-30	9.88538227962693E-11	1.0E+10	1E-30	1.0E+10	0.008	1E-30	1.08497007633945E-10	0.281280477444574	1E-30	6.93331919008209E-11	9.62283204417175E-03	3.39312578471295E-08	4.55121556355403E-11	0.202090303170623	9.38016794340453E-09	5.81301634324731E-11	0.368685743559693	1.37994524802438E-12	4.91388363054923E-10	349.782281885658	1.0E+10	1E-30	1.0E-10	1.0E+10	1E-30	1.0E-10	1.0E+10	1E-30	1.0E-10	1.0E+10	1E-30	1.0E-10	1.0E+10	1E-30	1.0E-10	1.0E+10	1E-30	1.0E-10	1.0E+10	1E-30	1.0E-10	1.0E+10	1E-30	1.0E-10	1.0E+10	1E-30	1.0E-10	1.0E+10	1E-30	1.0E-10
89	8.12174304319996E-09	1.0E+10	100000000000	1E-30	9.88538227962693E-11	1.0E+10	1E-30	1.0E+10	0.008	1E-30	1.08497007633945E-10	0.281280477444574	1E-30	6.93331919008209E-11	9.62283204417175E-03	3.39312578471295E-08	4.55121556355403E-11	0.202090303170623	9.38016794340453E-09	5.81301634324731E-11	0.368685743559693	1.37994524802438E-12	4.91388363054923E-10	349.782281885658	1.0E+10	1E-30	1.0E-10	1.0E+10	1E-30	1.0E-10	1.0E+10	1E-30	1.0E-10	1.0E+10	1E-30	1.0E-10	1.0E+10	1E-30	1.0E-10	1.0E+10	1E-30	1.0E-10	1.0E+10	1E-30	1.0E-10	1.0E+10	1E-30	1.0E-10	1.0E+10	1E-30	1.0E-10	1.0E+10	1E-30	1.0E-10
90	8.14413214387289E-09	1.0E+10	1.0E+10	1E-30	2.99129217849735E-11	1.0E+10	1E-30	1.0E+10	1.02952255030888E-02	1E-30	1.64868141172643E-10	0.318239540701445	1.66161790185048E-06	5.23251639201025E-11	3.34382898722135E-03	3.03529082929867E-08	5.16493876231009E-11	0.328377847239807	1.38159898356275E-08	4.74810785657728E-11	0.375999267706886	8.02937510070798E-13	6.01056306788919E-10	500.260462185622	1.0E+10	1E-30	1.0E-10	1.0E+10	1E-30	1.0E-10	1.0E+10	1E-30	1.0E-10	1.0E+10	1E-30	1.0E-10	1.0E+10	1E-30	1.0E-10	1.0E+10	1E-30	1.0E-10	1.0E+10	1E-30	1.0E-10	1.0E+10	1E-30	1.0E-10	1.0E+10	1E-30	1.0E-10	1.0E+10	1E-30	1.0E-10
91	9.98491084468511E-09	1.0E+10	100000000000	1E-30	1.14815362149688E-10	1.0E+10	1E-30	1.0E+10	7.67348990277468E-03	1E-30	1.22734864458191E-10	0.353585684282677	1E-30	1.01406840470334E-10	1.21700295814099E-02	4.35060008152356E-08	4.53481034765056E-11	0.198178054848629	1.14747326463177E-08	6.51265229149931E-11	0.313607712761258	9.30249960812446E-08	4.06140546511011E-12	2.31088718581929E-02	9.06489100850353E-09	2.3264947816229E-11	0.147725952954662	1.28254281302877E-12	3.51681453916618E-10	100000	7.16052264284052E-12	6.17391202129215E-11	14.5256781811677	1.0E+10	1E-30	1.0E-10	1.0E+10	1E-30	1.0E-10	1.0E+10	1E-30	1.0E-10	1.0E+10	1E-30	1.0E-10	1.0E+10	1E-30	1.0E-10	1.0E+10	1E-30	1.0E-10	1.0E+10	1E-30	1.0E-10
92	9.98491084468511E-09	1.0E+10	100000000000	1E-30	1.14815362149688E-10	1.0E+10	1E-30	1.0E+10	7.67348990277468E-03	1E-30	1.22734864458191E-10	0.353585684282677	1E-30	1.01406840470334E-10	1.21700295814099E-02	4.35060008152356E-08	4.53481034765056E-11	0.198178054848629	1.14747326463177E-08	6.51265229149931E-11	0.313607712761258	9.30249960812446E-08	4.06140546511011E-12	2.31088718581929E-02	9.06489100850353E-09	2.3264947816229E-11	0.147725952954662	1.28254281302877E-12	3.51681453916618E-10	100000	7.16052264284052E-12	6.17391202129215E-11	14.5256781811677	1.0E+10	1E-30	1.0E-10	1.0E+10	1E-30	1.0E-10	1.0E+10	1E-30	1.0E-10	1.0E+10	1E-30	1.0E-10	1.0E+10	1E-30	1.0E-10	1.0E+10	1E-30	1.0E-10	1.0E+10	1E-30	1.0E-10
93	1.00181759858609E-08	1.0E+10	1.0E+10	1E-30	2.44235583288767E-10	1.0E+10	1E-30	1.0E+10	8.52124366046103E-03	1E-30	1.3727798627607E-10	0.312989932345552	1E-30	6.24412807284376E-11	1.11324751175478E-02	3.45485108911138E-08	6.22094930415585E-11	0.33528273094035	1.37493815421347E-08	6.48721374000372E-11	0.403134396866141	9.36552622204104E-13	3.40073402117074E-10	174.965912432141	1.0E+10	1E-30	1.0E-10	1.0E+10	1E-30	1.0E-10	1.0E+10	1E-30	1.0E-10	1.0E+10	1E-30	1.0E-10	1.0E+10	1E-30	1.0E-10	1.0E+10	1E-30	1.0E-10	1.0E+10	1E-30	1.0E-10	1.0E+10	1E-30	1.0E-10	1.0E+10	1E-30	1.0E-10	1.0E+10	1E-30	1.0E-10
94	9.22533231799989E-09	1.0E+10	1.0E+10	1E-30	0.00000000003	1.0E+10	1E-30	1.0E+10	0.0662	5.66181236896134E-07	1.0E+10	4.68504113524966	6.97167105491963E-07	1.0E+10	0.456576169007819	5.72819393276114E-07	1.0E+10	0.07938425517217	3.26265529632068E-07	1.0E+10	2.71004457407873E-02	3.92088175470413E-12	8.6138093402737E-11	16.2366480856962	1.36368236322005E-12	4.83218619823231E-10	33.5495739098187	1.70188099902884E-11	1.76976286456139E-10	10.8237362168788	1.36883182165239E-09	3.21268160795764E-11	9.37666399390399E-02	5.99498617475333E-09	6.76039481585671E-11	0.145753771394151	8.64172026016164E-08	1.4954916351691E-11	4.25008709894879E-02	1.0E+10	1E-30	1.0E-10	1.0E+10	1E-30	1.0E-10	1.0E+10	1E-30	1.0E-10	1.0E+10	1E-30	1.0E-10	1.0E+10	1E-30	1.0E-10
95	1.01329763560524E-08	1.0E+10	1.0E+10	1E-30	1.04836998922742E-10	1.0E+10	1E-30	1.0E+10	5.76592966651242E-02	5.64829488517392E-07	1.0E+10	2.62967918908572	7.44590279373422E-07	1.0E+10	0.173741181059086	4.63927236475668E-07	1.0E+10	3.66102484807997E-02	1.01462837521832E-07	1.94050306878767E-11	8.72576806597619E-02	1.03826210613012E-08	7.54943297758345E-11	0.151636469765283	1.0871938916883E-09	9.07641477047642E-11	0.155168536885006	1.64553454399596E-11	1.31194108850324E-10	12.6125721928668	1.5007453406589E-12	4.14872199563077E-10	44.751094867042	1.0E+10	1E-30	1.0E-10	1.0E+10	1E-30	1.0E-10	1.0E+10	1E-30	1.0E-10	1.0E+10	1E-30	1.0E-10	1.0E+10	1E-30	1.0E-10	1.0E+10	1E-30	1.0E-10	1.0E+10	1E-30	1.0E-10
96	1.18085406958804E-08	1.0E+10	83333000000	1E-30	1.50122846045865E-11	1.0E+10	1E-30	1.0E+10	0.008	1E-30	8.39452639125446E-11	0.203523332275103	1E-30	2.93159669363688E-10	1.23060791111692E-02	4.33461286782233E-08	3.57573182713272E-11	0.152055680171385	1.19851041437908E-08	3.79446139278236E-11	0.181089913169575	8.04559412601966E-13	6.13585196979239E-10	1248.74170559168	1.0E+10	1E-30	1.0E-10	1.0E+10	1E-30	1.0E-10	1.0E+10	1E-30	1.0E-10	1.0E+10	1E-30	1.0E-10	1.0E+10	1E-30	1.0E-10	1.0E+10	1E-30	1.0E-10	1.0E+10	1E-30	1.0E-10	1.0E+10	1E-30	1.0E-10	1.0E+10	1E-30	1.0E-10	1.0E+10	1E-30	1.0E-10
97	1.52028424868812E-08	1.0E+10	66666666666.6667	1E-30	3.99052462993776E-12	1.0E+10	1E-30	1.0E+10	9.13935321081884E-03	1E-30	9.39680737290388E-11	0.261984615898037	1E-30	7.31484227484558E-11	1.33632751150057E-02	6.33228349792983E-08	3.21957881529367E-11	0.142645987343331	1.457737585887E-08	5.20789259890855E-11	0.226474545970495	8.13447783027618E-08	4.18512847567385E-12	2.53956992877858E-02	4.64426780485579E-08	4.35130877928994E-12	0.04937845428597	1.13228742798177E-11	5.29621771126651E-11	4.10174268918474	1.00762590427025E-12	5.14921193987261E-10	100000000	1.0E+10	1E-30	1.0E-10	1.0E+10	1E-30	1.0E-10	1.0E+10	1E-30	1.0E-10	1.0E+10	1E-30	1.0E-10	1.0E+10	1E-30	1.0E-10	1.0E+10	1E-30	1.0E-10	1.0E+10	1E-30	1.0E-10
98	0.00000001459	1.0E+10	6666666666.66667	1E-30	0.000000000001	1.0E+10	1E-30	1.0E+10	0.0925	9.49984253416504E-07	1.0E+10	2.79223826639782	1.22881369681051E-06	1.0E+10	0.259038361152704	8.13279534224221E-07	1.0E+10	6.74811212501796E-02	1.22427621196089E-06	1.0E+10	1.08332676848158E-02	1E-30	8.63692826975281E-13	1.25232509546942E-03	1E-30	8.17068043011445E-11	0.134761985473907	5.69869819719568E-13	3.70410560360514E-10	32.8568215126777	2.98103786876687E-12	3.39885597240836E-10	23.7284910078398	1.20760089173874E-11	2.49414008600741E-10	15.2539726759258	1.0E+10	1E-30	1.0E-10	1.0E+10	1E-30	1.0E-10	1.0E+10	1E-30	1.0E-10	1.0E+10	1E-30	1.0E-10	1.0E+10	1E-30	1.0E-10	1.0E+10	1E-30	1.0E-10
99	1.39213984639441E-08	1.0E+10	6666666666.66667	1E-30	0.00000000001	1.0E+10	1E-30	1.0E+10	0.0465	9.3747088146806E-07	1.0E+10	2.82950909441692	1.2606528029167E-06	1.0E+10	0.280551195774949	1.02609441583525E-06	1.0E+10	6.46281264162642E-02	4.91342635163608E-07	1.0E+10	2.31370318943811E-02	1E-30	1.31099498542348E-10	0.235349269434254	8.5091220369852E-13	6.07518392913868E-10	38.9667461186856	1.77480779831874E-11	1.3937631513459E-10	8.20749357694949	1.53465496140079E-08	5.71125659774256E-11	0.112349589551284	7.46175029693827E-08	3.07907986392854E-11	6.56290411388826E-02	1.0E+10	1E-30	1.0E-10	1.0E+10	1E-30	1.0E-10	1.0E+10	1E-30	1.0E-10	1.0E+10	1E-30	1.0E-10	1.0E+10	1E-30	1.0E-10	1.0E+10	1E-30	1.0E-10
100	1.8560002802001E-08	1.0E+10	55556000000	1E-30	3.16981303260971E-11	1.0E+10	1E-30	1.0E+10	0.0069	1E-30	9.87698484640601E-11	0.153974642787076	1E-30	2.1144005911737E-11	7.27375307755921E-02	1E-30	7.7377119227646E-11	7.90552334536041E-03	8.84862703389244E-08	3.06814931181962E-11	0.1634282733639	2.43284035490812E-08	4.27312826449755E-11	0.222618196943411	9.68170476988931E-13	5.05927296240589E-10	599.348187254978	1.0E+10	1E-30	1.0E-10	1.0E+10	1E-30	1.0E-10	1.0E+10	1E-30	1.0E-10	1.0E+10	1E-30	1.0E-10	1.0E+10	1E-30	1.0E-10	1.0E+10	1E-30	1.0E-10	1.0E+10	1E-30	1.0E-10	1.0E+10	1E-30	1.0E-10	1.0E+10	1E-30	1.0E-10
101	2.20074261003029E-08	1.0E+10	45454545454.5455	1E-30	0.00000000005	1.0E+10	1E-30	1.0E+10	6.49150591896176E-03	1E-30	1.24702076158049E-10	0.20447141241022	1E-30	1.00537181245879E-11	0.165140398755698	1E-30	7.77389478153987E-11	6.57345064054606E-03	7.51634667519245E-08	4.71824398881961E-11	0.179724142332438	2.55091160524382E-08	5.57056654371644E-11	0.252439735403557	9.33048511269597E-08	6.86530207992121E-12	3.04711876143347E-02	3.45966283696835E-08	1.12466997754271E-11	6.19890003138226E-02	8.75319163209823E-13	4.28939880231429E-10	1000	1.0E+10	1E-30	1.0E-10	1.0E+10	1E-30	1.0E-10	1.0E+10	1E-30	1.0E-10	1.0E+10	1E-30	1.0E-10	1.0E+10	1E-30	1.0E-10	1.0E+10	1E-30	1.0E-10	1.0E+10	1E-30	1.0E-10
102	2.03754587157008E-08	1.0E+10	4545454545.45455	1E-30	0.000000000001	1.0E+10	1E-30	1.0E+10	0.0644	1.45798161221661E-06	1.0E+10	1.3645143203309	1.79741328728299E-06	1.0E+10	0.160993927134515	1.56871869041757E-06	1.0E+10	2.98398161926081E-02	3.83189348708477E-06	1.0E+10	1.88792189017495E-03	8.2307849108532E-13	2.78507395877081E-10	42.9701000750195	1.81652367319037E-12	4.44654966285317E-10	29.2731176568442	1.89481523442709E-11	1.73377423776661E-10	11.8981574201406	3.31574670218893E-09	9.74412517247728E-11	0.114285069014719	1.0E+10	1E-30	1.0E-10	1.0E+10	1E-30	1.0E-10	1.0E+10	1E-30	1.0E-10	1.0E+10	1E-30	1.0E-10	1.0E+10	1E-30	1.0E-10	1.0E+10	1E-30	1.0E-10	1.0E+10	1E-30	1.0E-10
103	2.18436866856076E-08	1.0E+10	4545454545.45455	1E-30	9.25683171438496E-11	1.0E+10	1E-30	1.0E+10	3.72915332249152E-02	1.26478380843389E-06	1.0E+10	0.9995484141307	1.07650560946056E-06	1.0E+10	8.12463453388864E-02	1E-30	1.15858724086613E-10	0.155427383308836	8.55440875461219E-08	4.59231150401244E-11	5.81996898819619E-02	4.38722591311825E-08	4.2857944617191E-11	9.88372539172837E-02	2.64313411933981E-08	2.42929868549209E-11	5.42486286791719E-02	1.66797677143035E-11	1.35528720823677E-10	14.2863297643356	1.70682894149176E-12	3.81971833465557E-10	56.8749032007384	1.0E+10	1E-30	1.0E-10	1.0E+10	1E-30	1.0E-10	1.0E+10	1E-30	1.0E-10	1.0E+10	1E-30	1.0E-10	1.0E+10	1E-30	1.0E-10	1.0E+10	1E-30	1.0E-10	1.0E+10	1E-30	1.0E-10
104	2.65795740851233E-08	1.0E+10	37037037000	1E-30	4.91565058606117E-11	1.0E+10	1E-30	1.0E+10	0.006	1E-30	9.70210491556786E-11	0.207614087568576	1E-30	8.18259009322335E-11	5.14177701572015E-03	7.69680750962057E-08	5.07145154149486E-11	0.156901866943643	2.52338234887127E-08	6.0491516186551E-11	0.2137331203545	1.00856339464996E-12	4.67091160696E-10	741.962858507258	1.0E+10	1E-30	1.0E-10	1.0E+10	1E-30	1.0E-10	1.0E+10	1E-30	1.0E-10	1.0E+10	1E-30	1.0E-10	1.0E+10	1E-30	1.0E-10	1.0E+10	1E-30	1.0E-10	1.0E+10	1E-30	1.0E-10	1.0E+10	1E-30	1.0E-10	1.0E+10	1E-30	1.0E-10	1.0E+10	1E-30	1.0E-10
105	3.32539878890538E-08	1.0E+10	30303030303.0303	1E-30	1.55249423325738E-11	1.0E+10	1E-30	1.0E+10	5.63859580785976E-03	1E-30	7.33093599009973E-11	0.093392659988849	1E-30	1.05905583494137E-10	7.13370894012176E-02	1.14951743438119E-07	4.77377744615813E-11	0.167113100137683	5.23460020363406E-08	4.16516151631181E-11	0.205253010982986	4.4060270261199E-07	2.43244760472522E-12	0.011528502406997	7.21427687284085E-08	8.73787496745743E-12	3.53308387249139E-02	8.26427869449065E-13	4.4571725793429E-10	343.760643821325	1.0E+10	1E-30	1.0E-10	1.0E+10	1E-30	1.0E-10	1.0E+10	1E-30	1.0E-10	1.0E+10	1E-30	1.0E-10	1.0E+10	1E-30	1.0E-10	1.0E+10	1E-30	1.0E-10	1.0E+10	1E-30	1.0E-10	1.0E+10	1E-30	1.0E-10
106	3.17136103138433E-08	1.0E+10	3030303030.30303	1E-30	1.0E-10	1.0E+10	1E-30	1.0E+10	0.0422	2.52457943658835E-06	1.0E+10	0.900602298829809	2.79854460318945E-06	1.0E+10	0.126379136824278	1.6789932526504E-06	1.0E+10	0.033854246295821	1E-30	5.67981491054404E-11	0.10706198878029	3.49506381329003E-12	9.66326501746666E-11	18.2148254331387	2.13712879328235E-12	4.74099567423456E-10	26.7984153822585	1.47558151638732E-11	2.35477560787501E-10	12.4038002999515	1.47026187725221E-08	7.65707760486394E-11	6.76558652383336E-02	2.555242796559E-07	1.76232322169204E-11	0.018455005621728	1.0E+10	1E-30	1.0E-10	1.0E+10	1E-30	1.0E-10	1.0E+10	1E-30	1.0E-10	1.0E+10	1E-30	1.0E-10	1.0E+10	1E-30	1.0E-10	1.0E+10	1E-30	1.0E-10
107	3.88618933748681E-08	1.0E+10	25641026000	1E-30	8.19942805261514E-11	1.0E+10	1E-30	1.0E+10	0.005	1E-30	1.45432715468768E-10	0.166797231967053	1E-30	3.71744828487931E-11	3.65960743013379E-03	1.36816458215472E-07	4.66428711496237E-11	0.148273404625151	4.34068701470214E-08	6.47740231553498E-11	0.221483865614697	9.87584278258387E-13	3.78753062050441E-10	325.147862254093	1.0E+10	1E-30	1.0E-10	1.0E+10	1E-30	1.0E-10	1.0E+10	1E-30	1.0E-10	1.0E+10	1E-30	1.0E-10	1.0E+10	1E-30	1.0E-10	1.0E+10	1E-30	1.0E-10	1.0E+10	1E-30	1.0E-10	1.0E+10	1E-30	1.0E-10	1.0E+10	1E-30	1.0E-10	1.0E+10	1E-30	1.0E-10
108	4.7570905354631E-08	1.0E+10	21276595744.6809	1E-30	3.7704385922843E-12	1.0E+10	1E-30	1.0E+10	4.65474024945007E-03	1E-30	1.6986999315298E-10	0.170330761078529	1E-30	5.97105678221567E-11	1.89140733689652E-03	9.41704472642064E-08	1.00384703566705E-10	0.186035607828967	7.87812246654655E-08	5.29393247146492E-11	0.147875122898226	1.31810434540617E-07	1.54171563922066E-11	4.02962609643812E-02	1.0318220889195E-07	1.11808685160517E-11	0.052779481362556	1.51979918178898E-11	2.66600286605067E-11	1.0597958511298	6.47686785312813E-13	4.67607498866546E-10	100000	1.0E+10	1E-30	1.0E-10	1.0E+10	1E-30	1.0E-10	1.0E+10	1E-30	1.0E-10	1.0E+10	1E-30	1.0E-10	1.0E+10	1E-30	1.0E-10	1.0E+10	1E-30	1.0E-10	1.0E+10	1E-30	1.0E-10
109	4.38397949805664E-08	1.0E+10	2127659574.46808	1E-30	0.00000000001	1.0E+10	1E-30	1.0E+10	0.0289	3.51724991991403E-06	1.0E+10	0.646426070350299	4.14804872303779E-06	1.0E+10	9.59215728397589E-02	2.20701483958666E-06	1.0E+10	0.024037739459529	1E-30	1.0420375206009E-10	8.53997587691666E-02	3.78434272772517E-12	8.92459544780214E-11	16.8224660970457	1.51876237334734E-12	4.63284673887988E-10	38.8120460801933	1.34328275471504E-11	2.09522329793873E-10	10.7710987425292	4.80785065729526E-08	5.71671877320196E-11	5.36890558343189E-02	1.69685307553949E-07	4.1466131687675E-11	3.47385852487431E-02	1.0E+10	1E-30	1.0E-10	1.0E+10	1E-30	1.0E-10	1.0E+10	1E-30	1.0E-10	1.0E+10	1E-30	1.0E-10	1.0E+10	1E-30	1.0E-10	1.0E+10	1E-30	1.0E-10
110	5.73195009273222E-08	1.0E+10	17857142857.1429	1E-30	6.09738487313417E-11	1.0E+10	1E-30	1.0E+10	0.0035	1E-30	1.89293883323385E-10	0.128903964754786	1E-30	1.46116335993606E-11	9.65409668208452E-02	1E-30	1.48261407969298E-10	1.62764631193806E-03	1.82593959601085E-07	6.23625149645457E-11	0.175848837667091	9.0359707168414E-08	5.69466381613955E-11	0.18028679645712	1.40828874631448E-12	3.80964193338496E-10	680.961537188434	1.0E+10	1E-30	1.0E-10	1.0E+10	1E-30	1.0E-10	1.0E+10	1E-30	1.0E-10	1.0E+10	1E-30	1.0E-10	1.0E+10	1E-30	1.0E-10	1.0E+10	1E-30	1.0E-10	1.0E+10	1E-30	1.0E-10	1.0E+10	1E-30	1.0E-10	1.0E+10	1E-30	1.0E-10
111	0.0000000655	1.0E+10	1470588235.29412	1E-30	0.000000000065	1.0E+10	1E-30	1.0E+10	0.0263	4.16801944099327E-06	1.0E+10	0.54549698636437	4.67583383706579E-06	1.0E+10	5.67296118146381E-02	2.27920309674987E-06	1.0E+10	1.16382010389837E-02	1E-30	1.03148199209534E-10	8.83771704184609E-02	1.04691848713906E-12	4.93777520267494E-10	57.4042491324475	1.60335955208418E-11	1.36663174865634E-10	9.13853653172169	4.56098521952374E-08	7.01134899767323E-11	5.06806307625088E-02	4.04287733816053E-07	2.5061651682076E-11	2.24647216988582E-02	1.0E+10	1E-30	1.0E-10	1.0E+10	1E-30	1.0E-10	1.0E+10	1E-30	1.0E-10	1.0E+10	1E-30	1.0E-10	1.0E+10	1E-30	1.0E-10	1.0E+10	1E-30	1.0E-10	1.0E+10	1E-30	1.0E-10
112	1.00970922906519E-07	1.0E+10	5000000000	1E-30	1.71422189337392E-10	1.0E+10	1E-30	1.0E+10	2.77645205509488E-02	7.87686464427379E-06	1.0E+10	0.847901677125214	2.82086857011625E-05	1.0E+10	8.88424196649643E-02	1.15069660274385E-05	1.0E+10	0.058041422269279	7.10504920883312E-06	1.0E+10	1.71053429840682E-02	1E-30	9.59316861782825E-11	0.129162120233217	3.16612179099786E-07	2.99195195364484E-11	1.36198166172124E-02	4.74852296985705E-08	5.40554155966924E-11	3.39640193050624E-02	1.24714858717931E-11	1.24452008450712E-10	11.4755602345786	1.74397244501286E-12	0.000000000348	65.185721559757	1.0E+10	1E-30	1.0E-10	1.0E+10	1E-30	1.0E-10	1.0E+10	1E-30	1.0E-10	1.0E+10	1E-30	1.0E-10	1.0E+10	1E-30	1.0E-10	1.0E+10	1E-30	1.0E-10
113	1.00970922906519E-07	1.0E+10	5000000000	1E-30	1.71422189337392E-10	1.0E+10	1E-30	1.0E+10	2.77645205509488E-02	7.87686464427379E-06	1.0E+10	0.847901677125214	2.82086857011625E-05	1.0E+10	8.88424196649643E-02	1.15069660274385E-05	1.0E+10	0.058041422269279	7.10504920883312E-06	1.0E+10	1.71053429840682E-02	1E-30	9.59316861782825E-11	0.129162120233217	3.16612179099786E-07	2.99195195364484E-11	1.36198166172124E-02	4.74852296985705E-08	5.40554155966924E-11	3.39640193050624E-02	1.24714858717931E-11	1.24452008450712E-10	11.4755602345786	1.74397244501286E-12	0.000000000348	65.185721559757	1.0E+10	1E-30	1.0E-10	1.0E+10	1E-30	1.0E-10	1.0E+10	1E-30	1.0E-10	1.0E+10	1E-30	1.0E-10	1.0E+10	1E-30	1.0E-10	1.0E+10	1E-30	1.0E-10
114	9.69004215933491E-08	1.0E+10	1000000000	1E-30	0.00000000005	1.0E+10	1E-30	1.0E+10	0.017	7.34258226083662E-06	1.0E+10	0.309651559002196	7.43402387123661E-06	1.0E+10	4.28179801003035E-02	4.81563690532665E-06	1.0E+10	6.60992289164707E-03	1E-30	8.87795917592337E-13	1.11563725303804E-02	1E-30	1.52946977347514E-10	9.15232572235648E-02	1.12681503669351E-12	5.48817159308737E-10	61.2483106115151	2.61959343878964E-11	9.74507670149549E-11	8.16881872899176	1.0886036023315E-07	6.68446221756851E-11	4.16365327920703E-02	4.3493638492832E-07	4.25413311066531E-11	2.34068409029927E-02	1.0E+10	1E-30	1.0E-10	1.0E+10	1E-30	1.0E-10	1.0E+10	1E-30	1.0E-10	1.0E+10	1E-30	1.0E-10	1.0E+10	1E-30	1.0E-10	1.0E+10	1E-30	1.0E-10
115	1.47595873672872E-07	1.0E+10	3333333333.33333	1E-30	8.47630329575054E-11	1.0E+10	1E-30	1.0E+10	0.019	1.04927274418485E-05	1.0E+10	0.201379892258494	1.08927702130449E-05	1.0E+10	2.06232572752077E-02	1E-30	8.99317427544109E-11	0.10491930274458	9.00435918324441E-07	3.13348604876403E-11	1.76291407486177E-02	4.59696433607752E-08	1.15544161804989E-10	3.99664194244315E-02	1.76577951696905E-11	1.1510778303103E-10	7.05180150125316	1.16934754074112E-12	4.13247508332253E-10	90.6535115924142	1.0E+10	1E-30	1.0E-10	1.0E+10	1E-30	1.0E-10	1.0E+10	1E-30	1.0E-10	1.0E+10	1E-30	1.0E-10	1.0E+10	1E-30	1.0E-10	1.0E+10	1E-30	1.0E-10	1.0E+10	1E-30	1.0E-10	1.0E+10	1E-30	1.0E-10
116	1.47595873672872E-07	1.0E+10	3333333333.33333	1E-30	8.47630329575054E-11	1.0E+10	1E-30	1.0E+10	0.019	1.04927274418485E-05	1.0E+10	0.201379892258494	1.08927702130449E-05	1.0E+10	2.06232572752077E-02	1E-30	8.99317427544109E-11	0.10491930274458	9.00435918324441E-07	3.13348604876403E-11	1.76291407486177E-02	4.59696433607752E-08	1.15544161804989E-10	3.99664194244315E-02	1.76577951696905E-11	1.1510778303103E-10	7.05180150125316	1.16934754074112E-12	4.13247508332253E-10	90.6535115924142	1.0E+10	1E-30	1.0E-10	1.0E+10	1E-30	1.0E-10	1.0E+10	1E-30	1.0E-10	1.0E+10	1E-30	1.0E-10	1.0E+10	1E-30	1.0E-10	1.0E+10	1E-30	1.0E-10	1.0E+10	1E-30	1.0E-10	1.0E+10	1E-30	1.0E-10
117	2.18181636327239E-07	1.0E+10	2272700000	1E-30	1.0628250131033E-10	1.0E+10	1E-30	1.0E+10	1.20445777858598E-02	1.77709895299969E-05	1.0E+10	0.4731373857509	2.1776583820561E-05	1.0E+10	4.86081537258759E-02	3.0427254651995E-05	1.0E+10	7.14844933112932E-03	1.00501881185268E-05	1.0E+10	5.27867210758984E-03	1E-30	2.3920919745801E-11	8.95403949707622E-02	1E-30	2.26515485284876E-10	7.90688204994772E-02	1.10504658679499E-06	3.45346565847013E-11	2.05750786558626E-02	2.80355577682604E-07	5.76215589741812E-11	2.65254041353728E-02	1.40022638897582E-11	9.49240100507468E-11	10.3330656414462	1.63682919316759E-12	3.22400468136778E-10	88.3942640476289	1.0E+10	1E-30	1.0E-10	1.0E+10	1E-30	1.0E-10	1.0E+10	1E-30	1.0E-10	1.0E+10	1E-30	1.0E-10	1.0E+10	1E-30	1.0E-10
118	2.2103684025984E-07	1.0E+10	2272700000	1E-30	8.3101042771156E-11	1.0E+10	1E-30	1.0E+10	0.013853704983343	2.32996977947038E-05	1.0E+10	0.36086817960105	3.20543853381713E-05	1.0E+10	0.075688738989728	2.1870525448652E-05	1.0E+10	2.42571436254945E-02	2.28821886606978E-05	1.0E+10	4.62595405391598E-03	1E-30	1.50781419624203E-10	9.02273905122354E-02	1E-30	2.94394087847118E-11	7.92742545977806E-02	9.46253138748922E-07	4.24905527487587E-11	1.86883211707458E-02	1.7103406295949E-07	8.9758111487414E-11	3.72218119216619E-02	1.60106738788662E-11	8.72635441751245E-11	8.28379368955319	1.39442091102044E-12	3.71037899777958E-10	83.9242244038663	1.0E+10	1E-30	1.0E-10	1.0E+10	1E-30	1.0E-10	1.0E+10	1E-30	1.0E-10	1.0E+10	1E-30	1.0E-10	1.0E+10	1E-30	1.0E-10
119	3.24504289296162E-07	1.0E+10	1515151515.15152	1E-30	9.42675795723925E-11	1.0E+10	1E-30	1.0E+10	0.011	2.37916948643862E-05	1.0E+10	8.18510744760624E-02	2.09237622533385E-05	1.0E+10	9.37402330909019E-03	1E-30	2.16485937512801E-10	6.81686135838145E-02	1E-30	1.67411181943634E-11	6.08378081300963E-02	2.09882476344873E-06	3.20129128109973E-11	1.47429478914116E-02	3.0554630459631E-07	9.01669294557685E-11	2.70331679091502E-02	1.95074840041107E-11	8.7264130823138E-11	9.74021553509193	1.1107857122013E-12	3.90295875367162E-10	66.1281710651314	1.0E+10	1E-30	1.0E-10	1.0E+10	1E-30	1.0E-10	1.0E+10	1E-30	1.0E-10	1.0E+10	1E-30	1.0E-10	1.0E+10	1E-30	1.0E-10	1.0E+10	1E-30	1.0E-10	1.0E+10	1E-30	1.0E-10
120	4.71136730586661E-07	1.0E+10	1063800000	1E-30	0.00000000000912	1.0E+10	1E-30	1.0E+10	0.00852	4.98546585349366E-05	1.0E+10	0.146890304426191	5.51006775171663E-05	1.0E+10	1.92106446176542E-02	5.10817825068405E-05	1.0E+10	4.75617426603504E-03	1E-30	2.21287097064422E-11	7.58393365605599E-02	1E-30	2.07478324287475E-10	0.056679337335709	1.77267950653048E-06	5.05367635632248E-11	1.79564261340614E-02	5.2779148617581E-07	6.92539658331118E-11	2.51290751588719E-02	2.00860058489555E-11	7.8916879366518E-11	6.09513311019095	1.11974783508794E-12	4.09419099348853E-10	142.134628980458	1.0E+10	1E-30	1.0E-10	1.0E+10	1E-30	1.0E-10	1.0E+10	1E-30	1.0E-10	1.0E+10	1E-30	1.0E-10	1.0E+10	1E-30	1.0E-10	1.0E+10	1E-30	1.0E-10
121	6.461787822055E-07	1.0E+10	735294117.647059	1E-30	1.3497311294269E-10	1.0E+10	1E-30	1.0E+10	9.32318193235453E-03	4.59370292072467E-05	1.0E+10	6.01529128791187E-02	6.86461794358006E-05	1.0E+10	4.99253370951596E-03	1E-30	1.86314841804962E-10	4.79570965022149E-02	1E-30	1.27261239268276E-11	3.03195528778942E-02	6.13115041472686E-06	1.89267935323644E-11	7.85884368995624E-03	5.4149453271438E-07	8.16103589733434E-11	1.64001114857333E-02	1.92004478051838E-11	1.04301706158174E-10	9.0285126440832	1.16936482766536E-12	4.12883255835443E-10	65.9442318747961	1.0E+10	1E-30	1.0E-10	1.0E+10	1E-30	1.0E-10	1.0E+10	1E-30	1.0E-10	1.0E+10	1E-30	1.0E-10	1.0E+10	1E-30	1.0E-10	1.0E+10	1E-30	1.0E-10	1.0E+10	1E-30	1.0E-10
122	9.50432759131217E-07	1.0E+10	500000000	1E-30	0.00000000001	1.0E+10	1E-30	1.0E+10	6.83782685211523E-03	1.55165349203179E-04	1.0E+10	13.6114419014498	1.68023181454773E-04	1.0E+10	1.94915752323289	1.30033682753528E-04	1.0E+10	0.366163940060893	1.28465424121423E-04	1.0E+10	0.052856757856056	8.64075697697141E-05	1.0E+10	1.11468164500119E-02	1E-30	3.95535070252682E-11	0.087660187235755	1E-30	2.17144339858205E-10	4.43638451428468E-02	4.19499633553228E-06	4.60807207751369E-11	1.00135016759315E-02	9.34292709485965E-07	8.63738405311544E-11	1.61427851378086E-02	1.39675129697151E-11	8.89670942364808E-11	6.38677423881219	1.03347206416556E-12	4.04025148664777E-10	110.472124350939	1.0E+10	1E-30	1.0E-10	1.0E+10	1E-30	1.0E-10	1.0E+10	1E-30	1.0E-10	1.0E+10	1E-30	1.0E-10
123	1.0061850348778E-06	1.0E+10	500000000	1E-30	3.4545392734667E-11	1.0E+10	1E-30	1.0E+10	7.05199858730183E-03	1.24643937763278E-04	1.0E+10	25.6464770374615	2.00465799819717E-04	1.0E+10	3.03849541841096	1.54921796881708E-04	1.0E+10	0.667707648974844	1.26341053058912E-04	1.0E+10	0.132786640831672	1.37494729093815E-04	1.0E+10	2.12037574293252E-02	8.56271643083851E-05	1.0E+10	6.43947630239757E-03	1E-30	5.59643089735934E-11	0.150700338801146	1E-30	1.97523405186542E-10	4.28056169981192E-02	3.44684013990101E-06	5.73009401576205E-11	1.15435396357304E-02	1.07107687327791E-06	7.34452560902705E-11	1.61345545641282E-02	1.9419909608664E-11	8.33981295558058E-11	6.82954359293592	1.2189405639687E-12	3.94692939910473E-10	124.350719599063	1.0E+10	1E-30	1.0E-10	1.0E+10	1E-30	1.0E-10	1.0E+10	1E-30	1.0E-10
124	1.0061850348778E-06	1.0E+10	500000000	1E-30	3.4545392734667E-11	1.0E+10	1E-30	1.0E+10	7.05199858730183E-03	1.24643937763278E-04	1.0E+10	25.6464770374615	2.00465799819717E-04	1.0E+10	3.03849541841096	1.54921796881708E-04	1.0E+10	0.667707648974844	1.26341053058912E-04	1.0E+10	0.132786640831672	1.37494729093815E-04	1.0E+10	2.12037574293252E-02	8.56271643083851E-05	1.0E+10	6.43947630239757E-03	1E-30	5.59643089735934E-11	0.150700338801146	1E-30	1.97523405186542E-10	4.28056169981192E-02	3.44684013990101E-06	5.73009401576205E-11	1.15435396357304E-02	1.07107687327791E-06	7.34452560902705E-11	1.61345545641282E-02	1.9419909608664E-11	8.33981295558058E-11	6.82954359293592	1.2189405639687E-12	3.94692939910473E-10	124.350719599063	1.0E+10	1E-30	1.0E-10	1.0E+10	1E-30	1.0E-10	1.0E+10	1E-30	1.0E-10
125	9.90790213207433E-07	1.0E+10	500000000	1E-30	2.59390375196015E-10	1.0E+10	1E-30	1.0E+10	4.8985825157355E-03	1.49830794881407E-04	1.0E+10	18.6043738780333	2.53524869204903E-04	1.0E+10	1.9866823261948	2.01745929868242E-04	1.0E+10	0.439467388968749	1.94556327681218E-04	1.0E+10	0.086893113580166	1.72031984748417E-04	1.0E+10	2.91678791988123E-02	1.00373492490649E-04	1.0E+10	7.1838573840081E-03	1E-30	2.4455105809821E-10	4.66747376238165E-02	2.06365611934587E-06	1.18539590939302E-10	3.19936257014192E-02	1.24838746254153E-06	8.26326308723117E-11	2.49290241659862E-02	3.08224204698897E-10	7.20776757583174E-11	0.431582667803948	2.59762746401033E-12	1.57810367258136E-10	60.5130248352546	1.0E+10	1E-30	1.0E-10	1.0E+10	1E-30	1.0E-10	1.0E+10	1E-30	1.0E-10	1.0E+10	1E-30	1.0E-10
126	9.87372008013107E-07	1.0E+10	500000000	1E-30	1.49257642539478E-10	1.0E+10	1E-30	1.0E+10	4.40580006520894E-03	1.71092218431464E-04	1.0E+10	19.0483366821859	3.01584188801398E-04	1.0E+10	2.06284577283748	2.23507337721642E-04	1.0E+10	0.538302966136749	1.43338505555743E-04	1.0E+10	0.156096931236037	1.11672907577609E-04	1.0E+10	2.40038346729508E-02	9.70347098057056E-05	1.0E+10	3.35654735882419E-03	1E-30	3.19008035821497E-10	4.48937063973105E-02	2.12025868133582E-06	1.18192931133048E-10	3.07542096345774E-02	1.81197822276385E-06	5.83730169153391E-11	0.023061825734162	3.78272526256529E-10	6.67307428381479E-11	0.380909161918665	1.16850810181963E-12	3.06134218663948E-10	72.2281571379023	1.0E+10	1E-30	1.0E-10	1.0E+10	1E-30	1.0E-10	1.0E+10	1E-30	1.0E-10	1.0E+10	1E-30	1.0E-10
127	2.22765950930771E-06	1.0E+10	227270000	1E-30	4.0872423985581E-11	1.0E+10	1E-30	1.0E+10	4.28934088676489E-03	3.31326188527341E-04	1.0E+10	11.5996026465566	4.36583557134256E-04	1.0E+10	1.46093704588835	2.76380226838784E-04	1.0E+10	0.349294629249147	2.54051534163841E-04	1.0E+10	5.00930015334727E-02	3.48076620764796E-04	1.0E+10	6.20903378382751E-03	2.43220049413045E-04	1.0E+10	2.18122016771752E-03	1E-30	4.27813188268333E-11	6.72007384686311E-02	1E-30	3.21362744451411E-10	3.86041548236757E-02	5.71929514821462E-06	1.01814233751979E-10	1.63692469672882E-02	2.41224126382938E-06	1.06892759308619E-10	1.61190483535631E-02	2.13679708293392E-11	5.72120131880118E-11	3.92015508590248	1.50392888934352E-12	3.04570495670145E-10	117.584565939719	1.0E+10	1E-30	1.0E-10	1.0E+10	1E-30	1.0E-10	1.0E+10	1E-30	1.0E-10
128	2.22765950930771E-06	1.0E+10	227270000	1E-30	4.0872423985581E-11	1.0E+10	1E-30	1.0E+10	4.28934088676489E-03	3.31326188527341E-04	1.0E+10	11.5996026465566	4.36583557134256E-04	1.0E+10	1.46093704588835	2.76380226838784E-04	1.0E+10	0.349294629249147	2.54051534163841E-04	1.0E+10	5.00930015334727E-02	3.48076620764796E-04	1.0E+10	6.20903378382751E-03	2.43220049413045E-04	1.0E+10	2.18122016771752E-03	1E-30	4.27813188268333E-11	6.72007384686311E-02	1E-30	3.21362744451411E-10	3.86041548236757E-02	5.71929514821462E-06	1.01814233751979E-10	1.63692469672882E-02	2.41224126382938E-06	1.06892759308619E-10	1.61190483535631E-02	2.13679708293392E-11	5.72120131880118E-11	3.92015508590248	1.50392888934352E-12	3.04570495670145E-10	117.584565939719	1.0E+10	1E-30	1.0E-10	1.0E+10	1E-30	1.0E-10	1.0E+10	1E-30	1.0E-10
129	2.18275845936581E-06	1.0E+10	227270000	1E-30	1.8902394337569E-11	1.0E+10	1E-30	1.0E+10	4.78751789170561E-03	3.25105538721984E-04	1.0E+10	12.9620743559974	5.29043728411507E-04	1.0E+10	1.55312820475123	3.30045870811292E-04	1.0E+10	0.463579874141991	3.1560832908512E-04	1.0E+10	8.42462194386721E-02	2.94798981103041E-04	1.0E+10	1.60388379236737E-02	2.07048004860573E-04	1.0E+10	3.43821960476685E-03	1E-30	3.87286575912359E-11	6.08348330860107E-02	1E-30	2.82339054265188E-10	3.77477293646533E-02	6.87454409438602E-06	7.67635629202123E-11	1.15756725760088E-02	2.24625587450696E-06	1.02051351209009E-10	1.57452076288038E-02	2.14144698867706E-11	6.5714382337734E-11	5.30865824881927	1.29654233757695E-12	3.48575865800621E-10	136.392634881594	1.0E+10	1E-30	1.0E-10	1.0E+10	1E-30	1.0E-10	1.0E+10	1E-30	1.0E-10
130	4.64361881121531E-06	1.0E+10	106380000	1E-30	4.5266070018944E-11	1.0E+10	1E-30	1.0E+10	3.17667100372148E-03	6.88199551726533E-04	1.0E+10	6.12328525336713	8.70768498203969E-04	1.0E+10	0.784867177712462	5.99066050598944E-04	1.0E+10	0.189332063549676	6.18471555667316E-04	1.0E+10	2.53150707966173E-02	4.79994612330017E-04	1.0E+10	4.29994117442103E-03	1E-30	4.6837756832598E-11	4.86089191725619E-02	1E-30	3.77248184017904E-10	2.52045738862028E-02	1.59225606941256E-05	8.8380172557189E-11	8.98833360322874E-03	6.97491802661079E-06	9.13616685189333E-11	1.03719005262653E-02	2.12812016322562E-11	7.0015661345294E-11	4.67416460552039	1.39721708926771E-12	3.23459662309823E-10	126.565032031167	1.0E+10	1E-30	1.0E-10	1.0E+10	1E-30	1.0E-10	1.0E+10	1E-30	1.0E-10	1.0E+10	1E-30	1.0E-10
131	4.64361881121531E-06	1.0E+10	106380000	1E-30	4.5266070018944E-11	1.0E+10	1E-30	1.0E+10	3.17667100372148E-03	6.88199551726533E-04	1.0E+10	6.12328525336713	8.70768498203969E-04	1.0E+10	0.784867177712462	5.99066050598944E-04	1.0E+10	0.189332063549676	6.18471555667316E-04	1.0E+10	2.53150707966173E-02	4.79994612330017E-04	1.0E+10	4.29994117442103E-03	1E-30	4.6837756832598E-11	4.86089191725619E-02	1E-30	3.77248184017904E-10	2.52045738862028E-02	1.59225606941256E-05	8.8380172557189E-11	8.98833360322874E-03	6.97491802661079E-06	9.13616685189333E-11	1.03719005262653E-02	2.12812016322562E-11	7.0015661345294E-11	4.67416460552039	1.39721708926771E-12	3.23459662309823E-10	126.565032031167	1.0E+10	1E-30	1.0E-10	1.0E+10	1E-30	1.0E-10	1.0E+10	1E-30	1.0E-10	1.0E+10	1E-30	1.0E-10
132	4.64361881121531E-06	1.0E+10	106380000	1E-30	4.5266070018944E-11	1.0E+10	1E-30	1.0E+10	3.17667100372148E-03	6.88199551726533E-04	1.0E+10	6.12328525336713	8.70768498203969E-04	1.0E+10	0.784867177712462	5.99066050598944E-04	1.0E+10	0.189332063549676	6.18471555667316E-04	1.0E+10	2.53150707966173E-02	4.79994612330017E-04	1.0E+10	4.29994117442103E-03	1E-30	4.6837756832598E-11	4.86089191725619E-02	1E-30	3.77248184017904E-10	2.52045738862028E-02	1.59225606941256E-05	8.8380172557189E-11	8.98833360322874E-03	6.97491802661079E-06	9.13616685189333E-11	1.03719005262653E-02	2.12812016322562E-11	7.0015661345294E-11	4.67416460552039	1.39721708926771E-12	3.23459662309823E-10	126.565032031167	1.0E+10	1E-30	1.0E-10	1.0E+10	1E-30	1.0E-10	1.0E+10	1E-30	1.0E-10	1.0E+10	1E-30	1.0E-10
133	4.55265052711048E-06	1.0E+10	106382978.723404	1E-30	1.23330553273202E-10	1.0E+10	1E-30	1.0E+10	2.89179967875905E-03	9.63016752566899E-04	1.0E+10	3.26937707598177	1.02944354522831E-03	1.0E+10	0.512211022978634	9.60211958832294E-04	1.0E+10	0.10360108999872	9.42424031226292E-04	1.0E+10	2.05960704012704E-02	6.56318799558813E-04	1.0E+10	4.10151128512147E-03	1E-30	1.0786278316356E-11	4.93559885691906E-02	1E-30	5.1208900702105E-11	4.07870101186939E-02	1E-30	4.12474431793285E-10	2.47742850555605E-02	1.22916056405046E-05	1.18091367860763E-10	1.01700510078125E-02	7.18999544503764E-06	8.99574708133553E-11	1.00949472611634E-02	3.62214729388884E-11	3.91235854807631E-11	3.72276567757382	1.63455010917187E-12	2.24637746885673E-10	65.0314163063593	1.0E+10	1E-30	1.0E-10	1.0E+10	1E-30	1.0E-10	1.0E+10	1E-30	1.0E-10
134	4.55265052711048E-06	1.0E+10	106382978.723404	1E-30	1.23330553273202E-10	1.0E+10	1E-30	1.0E+10	2.89179967875905E-03	9.63016752566899E-04	1.0E+10	3.26937707598177	1.02944354522831E-03	1.0E+10	0.512211022978634	9.60211958832294E-04	1.0E+10	0.10360108999872	9.42424031226292E-04	1.0E+10	2.05960704012704E-02	6.56318799558813E-04	1.0E+10	4.10151128512147E-03	1E-30	1.0786278316356E-11	4.93559885691906E-02	1E-30	5.1208900702105E-11	4.07870101186939E-02	1E-30	4.12474431793285E-10	2.47742850555605E-02	1.22916056405046E-05	1.18091367860763E-10	1.01700510078125E-02	7.18999544503764E-06	8.99574708133553E-11	1.00949472611634E-02	3.62214729388884E-11	3.91235854807631E-11	3.72276567757382	1.63455010917187E-12	2.24637746885673E-10	65.0314163063593	1.0E+10	1E-30	1.0E-10	1.0E+10	1E-30	1.0E-10	1.0E+10	1E-30	1.0E-10
135	9.9610365954932E-06	1.0E+10	50000000	1E-30	5.3253881557483E-11	1.0E+10	1E-30	1.0E+10	2.54084967973832E-03	2.13335303058672E-03	1.0E+10	1.97531402728127	1.75077430141893E-03	1.0E+10	0.480251481965146	1.17119269685341E-03	1.0E+10	0.113781203023288	1.43609065478846E-03	1.0E+10	1.16819951295486E-02	1.29977618571909E-03	1.0E+10	2.57531466718382E-03	1E-30	2.99029013168465E-11	7.37130922626902E-02	1E-30	5.44961197613704E-11	2.43222698057066E-02	1E-30	4.39552273486138E-10	0.018620918529406	3.01645266241525E-05	1.10637403032637E-10	5.6535809817884E-03	1.57051739145427E-05	1.00026153661363E-10	5.96112817784512E-03	2.66545502282463E-11	4.29279678917596E-11	3.14264389399759	1.41041015859947E-12	2.74578979161852E-10	125.381134402252	1.0E+10	1E-30	1.0E-10	1.0E+10	1E-30	1.0E-10	1.0E+10	1E-30	1.0E-10
136	7.66834846938119E-06	1.0E+10	50000000	1E-30	7.1115940469137E-11	1.0E+10	1E-30	1.0E+10	3.61490089810596E-03	3.05382438892512E-04	1.0E+10	18.6146475509444	3.48960543215742E-04	1.0E+10	2.24865356960159	2.83912048172418E-04	1.0E+10	0.469369704025884	2.72897203689782E-04	1.0E+10	8.10400669872685E-02	2.81233107076417E-04	1.0E+10	0.018434545385422	1.61132752130095E-04	1.0E+10	5.29075410250736E-03	1E-30	2.33335944920318E-11	5.94480528952086E-02	1E-30	4.20856468245825E-11	2.66373966131149E-02	1E-30	3.8274555226076E-10	2.02697088933665E-02	2.1712770246373E-05	9.25879527334975E-11	6.10834627448797E-03	1.20788537842345E-05	7.97647609170284E-11	6.77705182203834E-03	2.28537205250613E-11	6.20585889415162E-11	7.73785718888706	1.58444497639346E-12	2.970430585166E-10	111.609319536097	1.0E+10	1E-30	1.0E-10	1.0E+10	1E-30	1.0E-10
137	7.66834846938119E-06	1.0E+10	50000000	1E-30	7.1115940469137E-11	1.0E+10	1E-30	1.0E+10	3.61490089810596E-03	3.05382438892512E-04	1.0E+10	18.6146475509444	3.48960543215742E-04	1.0E+10	2.24865356960159	2.83912048172418E-04	1.0E+10	0.469369704025884	2.72897203689782E-04	1.0E+10	8.10400669872685E-02	2.81233107076417E-04	1.0E+10	0.018434545385422	1.61132752130095E-04	1.0E+10	5.29075410250736E-03	1E-30	2.33335944920318E-11	5.94480528952086E-02	1E-30	4.20856468245825E-11	2.66373966131149E-02	1E-30	3.8274555226076E-10	2.02697088933665E-02	2.1712770246373E-05	9.25879527334975E-11	6.10834627448797E-03	1.20788537842345E-05	7.97647609170284E-11	6.77705182203834E-03	2.28537205250613E-11	6.20585889415162E-11	7.73785718888706	1.58444497639346E-12	2.970430585166E-10	111.609319536097	1.0E+10	1E-30	1.0E-10	1.0E+10	1E-30	1.0E-10
138	9.60705132638992E-06	1.0E+10	50000000	1E-30	2.00750414662155E-10	1.0E+10	1E-30	1.0E+10	2.00773227961984E-03	1.39599891066374E-03	1.0E+10	2.30058530621106	2.03477102742852E-03	1.0E+10	0.204930905302956	2.5871514134665E-03	1.0E+10	3.33918682803961E-02	7.47112115987602E-03	1.0E+10	2.79856310249086E-02	2.37916437332064E-03	1.0E+10	1.01800570543874E-02	1.25419633485257E-03	1.0E+10	2.9164633639838E-03	1E-30	9.9921508060517E-12	4.84096420334987E-02	1E-30	5.14538049756208E-11	0.032693779055058	1E-30	5.19258766562894E-10	1.89622454391102E-02	2.93762534791609E-05	1.10801608611515E-10	8.16195747607591E-03	1.39284282642638E-05	1.08200511825308E-10	7.14542241184969E-03	1.21425693482426E-11	7.37392997908076E-11	8.08056833828579	2.91944465486565E-12	1.21732106521621E-10	24.593198514296	1.0E+10	1E-30	1.0E-10	1.0E+10	1E-30	1.0E-10
139	9.46158048327063E-06	1.0E+10	50000000	1E-30	2.04153772644603E-10	1.0E+10	1E-30	1.0E+10	2.06313880564555E-03	1.57847944673576E-03	1.0E+10	2.61835049032956	2.13890981206013E-03	1.0E+10	0.2899453267655	2.8698487108456E-03	1.0E+10	7.15727040911705E-02	1.48137309149315E-03	1.0E+10	3.13182952155616E-02	1.24933844767251E-03	1.0E+10	3.64039983598175E-03	1E-30	1.18149725729221E-11	4.40816807329008E-02	1E-30	4.9237177945064E-11	2.83073485117194E-02	1E-30	5.22227961324575E-10	0.01871787618937	3.27277170708571E-05	9.66517055913959E-11	7.80030067244075E-03	1.59514503460179E-05	9.44275686016958E-11	7.06437927824729E-03	1.55540008615276E-11	6.4294575124018E-11	7.6505136958692	2.64359255830786E-12	1.35878855831544E-10	33.5180350797109	1.0E+10	1E-30	1.0E-10	1.0E+10	1E-30	1.0E-10	1.0E+10	1E-30	1.0E-10
140	1.6552437538303E-05	1.0E+10	2272700	1E-30	4.0409173751561E-11	1.0E+10	1E-30	1.0E+10	2.80796147438125E-03	4.16644360002473E-04	1.0E+10	25.4058289416895	5.9726362482079E-04	1.0E+10	2.23117076751585	5.7381182492764E-04	1.0E+10	0.292367694530251	4.97142849874978E-04	1.0E+10	4.87772912919144E-02	3.78890013040242E-04	1.0E+10	6.70171135720305E-03	1E-30	2.40402697047838E-11	0.076869132699864	1E-30	6.41959597215277E-11	2.81102991023824E-02	1E-30	4.22559201777581E-10	1.48906929818592E-02	4.95517180621944E-05	1.00616664010293E-10	3.65190023949352E-03	2.30843606428188E-05	1.00760212186967E-10	4.81253881593665E-03	2.07267514519257E-11	6.39511467794554E-11	7.67872107025764	1.40958536156029E-12	3.2702517410619E-10	132.834175656178	1.0E+10	1E-30	1.0E-10	1.0E+10	1E-30	1.0E-10	1.0E+10	1E-30	1.0E-10
141	1.6552437538303E-05	1.0E+10	2272700	1E-30	4.0409173751561E-11	1.0E+10	1E-30	1.0E+10	2.80796147438125E-03	4.16644360002473E-04	1.0E+10	25.4058289416895	5.9726362482079E-04	1.0E+10	2.23117076751585	5.7381182492764E-04	1.0E+10	0.292367694530251	4.97142849874978E-04	1.0E+10	4.87772912919144E-02	3.78890013040242E-04	1.0E+10	6.70171135720305E-03	1E-30	2.40402697047838E-11	0.076869132699864	1E-30	6.41959597215277E-11	2.81102991023824E-02	1E-30	4.22559201777581E-10	1.48906929818592E-02	4.95517180621944E-05	1.00616664010293E-10	3.65190023949352E-03	2.30843606428188E-05	1.00760212186967E-10	4.81253881593665E-03	2.07267514519257E-11	6.39511467794554E-11	7.67872107025764	1.40958536156029E-12	3.2702517410619E-10	132.834175656178	1.0E+10	1E-30	1.0E-10	1.0E+10	1E-30	1.0E-10	1.0E+10	1E-30	1.0E-10
END DSCRDATA
