BEGIN DSCRDATA
% INDEX	K01	L01	M01	K02	L02	M02	K03	L03	M03	K04	L04	M04	K05	L05	M05	K06	L06	M06	K07	L07	M07	K08	L08	M08	K09	L09	M09	K10	L10	M10	K11	L11	M11	K12	L12	M12	K13	L13	M13	K14	L14	M14	K15	L15	M15	K16	L16	M16	K17	L17	M17	K18	L18	M18
0	0.000000000001	1.0E+10	1.0E+10	1E-30	0.000000000359	1.0E+10	1E-30	1.0E+10	0.23	5.99591734734213E-12	5.58808277039716E-11	1.0E+10	8.17480738768822E-11	3.77875628183345E-12	1.08160851547397	1.0E+10	1E-30	1.0E-10	1.0E+10	1E-30	1.0E-10	1.0E+10	1E-30	1.0E-10	1.0E+10	1E-30	1.0E-10	1.0E+10	1E-30	1.0E-10	1.0E+10	1E-30	1.0E-10	1.0E+10	1E-30	1.0E-10	1.0E+10	1E-30	1.0E-10	1.0E+10	1E-30	1.0E-10	1.0E+10	1E-30	1.0E-10	1.0E+10	1E-30	1.0E-10	1.0E+10	1E-30	1.0E-10	1.0E+10	1E-30	1.0E-10
1	0.000000000001	1.0E+10	1.0E+10	1E-30	0.000000000359	1.0E+10	1E-30	1.0E+10	0.23	5.99591734734213E-12	5.58808277039716E-11	1.0E+10	8.17480738768822E-11	3.77875628183345E-12	1.08160851547397	1.0E+10	1E-30	1.0E-10	1.0E+10	1E-30	1.0E-10	1.0E+10	1E-30	1.0E-10	1.0E+10	1E-30	1.0E-10	1.0E+10	1E-30	1.0E-10	1.0E+10	1E-30	1.0E-10	1.0E+10	1E-30	1.0E-10	1.0E+10	1E-30	1.0E-10	1.0E+10	1E-30	1.0E-10	1.0E+10	1E-30	1.0E-10	1.0E+10	1E-30	1.0E-10	1.0E+10	1E-30	1.0E-10	1.0E+10	1E-30	1.0E-10
2	0.0000000000011	1.0E+10	1.0E+10	1E-30	0.000000000262	1.0E+10	1E-30	1.0E+10	0.17	2.9460681582351E-12	1.02357150478597E-10	1.0E+10	1.86547420154861E-10	1.88589938758054E-12	0.853160783246285	1.0E+10	1E-30	1.0E-10	1.0E+10	1E-30	1.0E-10	1.0E+10	1E-30	1.0E-10	1.0E+10	1E-30	1.0E-10	1.0E+10	1E-30	1.0E-10	1.0E+10	1E-30	1.0E-10	1.0E+10	1E-30	1.0E-10	1.0E+10	1E-30	1.0E-10	1.0E+10	1E-30	1.0E-10	1.0E+10	1E-30	1.0E-10	1.0E+10	1E-30	1.0E-10	1.0E+10	1E-30	1.0E-10	1.0E+10	1E-30	1.0E-10
3	0.0000000000011	1.0E+10	1.0E+10	1E-30	0.000000000262	1.0E+10	1E-30	1.0E+10	0.17	2.9460681582351E-12	1.02357150478597E-10	1.0E+10	1.86547420154861E-10	1.88589938758054E-12	0.853160783246285	1.0E+10	1E-30	1.0E-10	1.0E+10	1E-30	1.0E-10	1.0E+10	1E-30	1.0E-10	1.0E+10	1E-30	1.0E-10	1.0E+10	1E-30	1.0E-10	1.0E+10	1E-30	1.0E-10	1.0E+10	1E-30	1.0E-10	1.0E+10	1E-30	1.0E-10	1.0E+10	1E-30	1.0E-10	1.0E+10	1E-30	1.0E-10	1.0E+10	1E-30	1.0E-10	1.0E+10	1E-30	1.0E-10	1.0E+10	1E-30	1.0E-10
4	0.0000000000012	1.0E+10	1.0E+10	1E-30	0.000000000292	1.0E+10	1E-30	1.0E+10	0.14	4.28673200449914E-12	8.83537889941348E-11	640.126497313966	1.0E+10	1E-30	1.0E-10	1.0E+10	1E-30	1.0E-10	1.0E+10	1E-30	1.0E-10	1.0E+10	1E-30	1.0E-10	1.0E+10	1E-30	1.0E-10	1.0E+10	1E-30	1.0E-10	1.0E+10	1E-30	1.0E-10	1.0E+10	1E-30	1.0E-10	1.0E+10	1E-30	1.0E-10	1.0E+10	1E-30	1.0E-10	1.0E+10	1E-30	1.0E-10	1.0E+10	1E-30	1.0E-10	1.0E+10	1E-30	1.0E-10	1.0E+10	1E-30	1.0E-10
5	0.0000000000012	1.0E+10	1.0E+10	1E-30	0.000000000292	1.0E+10	1E-30	1.0E+10	0.14	4.28673200449914E-12	8.83537889941348E-11	640.126497313966	1.0E+10	1E-30	1.0E-10	1.0E+10	1E-30	1.0E-10	1.0E+10	1E-30	1.0E-10	1.0E+10	1E-30	1.0E-10	1.0E+10	1E-30	1.0E-10	1.0E+10	1E-30	1.0E-10	1.0E+10	1E-30	1.0E-10	1.0E+10	1E-30	1.0E-10	1.0E+10	1E-30	1.0E-10	1.0E+10	1E-30	1.0E-10	1.0E+10	1E-30	1.0E-10	1.0E+10	1E-30	1.0E-10	1.0E+10	1E-30	1.0E-10	1.0E+10	1E-30	1.0E-10
6	0.0000000000013	1.0E+10	1.0E+10	1E-30	0.000000000256	1.0E+10	1E-30	1.0E+10	0.13	4.04031494874208E-12	9.85752591039262E-11	787.834340198883	1.0E+10	1E-30	1.0E-10	1.0E+10	1E-30	1.0E-10	1.0E+10	1E-30	1.0E-10	1.0E+10	1E-30	1.0E-10	1.0E+10	1E-30	1.0E-10	1.0E+10	1E-30	1.0E-10	1.0E+10	1E-30	1.0E-10	1.0E+10	1E-30	1.0E-10	1.0E+10	1E-30	1.0E-10	1.0E+10	1E-30	1.0E-10	1.0E+10	1E-30	1.0E-10	1.0E+10	1E-30	1.0E-10	1.0E+10	1E-30	1.0E-10	1.0E+10	1E-30	1.0E-10
7	0.0000000000013	1.0E+10	1.0E+10	1E-30	0.000000000256	1.0E+10	1E-30	1.0E+10	0.13	4.04031494874208E-12	9.85752591039262E-11	787.834340198883	1.0E+10	1E-30	1.0E-10	1.0E+10	1E-30	1.0E-10	1.0E+10	1E-30	1.0E-10	1.0E+10	1E-30	1.0E-10	1.0E+10	1E-30	1.0E-10	1.0E+10	1E-30	1.0E-10	1.0E+10	1E-30	1.0E-10	1.0E+10	1E-30	1.0E-10	1.0E+10	1E-30	1.0E-10	1.0E+10	1E-30	1.0E-10	1.0E+10	1E-30	1.0E-10	1.0E+10	1E-30	1.0E-10	1.0E+10	1E-30	1.0E-10	1.0E+10	1E-30	1.0E-10
8	0.0000000000015	1.0E+10	1.0E+10	1E-30	0.000000000228	1.0E+10	1E-30	1.0E+10	0.13	3.67998927704663E-12	1.13793084404097E-10	1235.67862458265	1.0E+10	1E-30	1.0E-10	1.0E+10	1E-30	1.0E-10	1.0E+10	1E-30	1.0E-10	1.0E+10	1E-30	1.0E-10	1.0E+10	1E-30	1.0E-10	1.0E+10	1E-30	1.0E-10	1.0E+10	1E-30	1.0E-10	1.0E+10	1E-30	1.0E-10	1.0E+10	1E-30	1.0E-10	1.0E+10	1E-30	1.0E-10	1.0E+10	1E-30	1.0E-10	1.0E+10	1E-30	1.0E-10	1.0E+10	1E-30	1.0E-10	1.0E+10	1E-30	1.0E-10
9	0.0000000000015	1.0E+10	1.0E+10	1E-30	0.000000000228	1.0E+10	1E-30	1.0E+10	0.13	3.67998927704663E-12	1.13793084404097E-10	1235.67862458265	1.0E+10	1E-30	1.0E-10	1.0E+10	1E-30	1.0E-10	1.0E+10	1E-30	1.0E-10	1.0E+10	1E-30	1.0E-10	1.0E+10	1E-30	1.0E-10	1.0E+10	1E-30	1.0E-10	1.0E+10	1E-30	1.0E-10	1.0E+10	1E-30	1.0E-10	1.0E+10	1E-30	1.0E-10	1.0E+10	1E-30	1.0E-10	1.0E+10	1E-30	1.0E-10	1.0E+10	1E-30	1.0E-10	1.0E+10	1E-30	1.0E-10	1.0E+10	1E-30	1.0E-10
10	0.0000000000016	1.0E+10	1.0E+10	1E-30	0.000000000327	1.0E+10	1E-30	1.0E+10	0.11	4.795634419639E-12	8.26337113021843E-11	552.084687045391	1.0E+10	1E-30	1.0E-10	1.0E+10	1E-30	1.0E-10	1.0E+10	1E-30	1.0E-10	1.0E+10	1E-30	1.0E-10	1.0E+10	1E-30	1.0E-10	1.0E+10	1E-30	1.0E-10	1.0E+10	1E-30	1.0E-10	1.0E+10	1E-30	1.0E-10	1.0E+10	1E-30	1.0E-10	1.0E+10	1E-30	1.0E-10	1.0E+10	1E-30	1.0E-10	1.0E+10	1E-30	1.0E-10	1.0E+10	1E-30	1.0E-10	1.0E+10	1E-30	1.0E-10
11	0.0000000000016	1.0E+10	1.0E+10	1E-30	0.000000000327	1.0E+10	1E-30	1.0E+10	0.11	4.795634419639E-12	8.26337113021843E-11	552.084687045391	1.0E+10	1E-30	1.0E-10	1.0E+10	1E-30	1.0E-10	1.0E+10	1E-30	1.0E-10	1.0E+10	1E-30	1.0E-10	1.0E+10	1E-30	1.0E-10	1.0E+10	1E-30	1.0E-10	1.0E+10	1E-30	1.0E-10	1.0E+10	1E-30	1.0E-10	1.0E+10	1E-30	1.0E-10	1.0E+10	1E-30	1.0E-10	1.0E+10	1E-30	1.0E-10	1.0E+10	1E-30	1.0E-10	1.0E+10	1E-30	1.0E-10	1.0E+10	1E-30	1.0E-10
12	0.0000000000018	1.0E+10	1.0E+10	1E-30	0.000000000231	1.0E+10	1E-30	1.0E+10	0.1	3.92392062472196E-12	1.22812914125032E-10	674.601542260475	1.0E+10	1E-30	1.0E-10	1.0E+10	1E-30	1.0E-10	1.0E+10	1E-30	1.0E-10	1.0E+10	1E-30	1.0E-10	1.0E+10	1E-30	1.0E-10	1.0E+10	1E-30	1.0E-10	1.0E+10	1E-30	1.0E-10	1.0E+10	1E-30	1.0E-10	1.0E+10	1E-30	1.0E-10	1.0E+10	1E-30	1.0E-10	1.0E+10	1E-30	1.0E-10	1.0E+10	1E-30	1.0E-10	1.0E+10	1E-30	1.0E-10	1.0E+10	1E-30	1.0E-10
13	0.0000000000018	1.0E+10	1.0E+10	1E-30	0.000000000231	1.0E+10	1E-30	1.0E+10	0.1	3.92392062472196E-12	1.22812914125032E-10	674.601542260475	1.0E+10	1E-30	1.0E-10	1.0E+10	1E-30	1.0E-10	1.0E+10	1E-30	1.0E-10	1.0E+10	1E-30	1.0E-10	1.0E+10	1E-30	1.0E-10	1.0E+10	1E-30	1.0E-10	1.0E+10	1E-30	1.0E-10	1.0E+10	1E-30	1.0E-10	1.0E+10	1E-30	1.0E-10	1.0E+10	1E-30	1.0E-10	1.0E+10	1E-30	1.0E-10	1.0E+10	1E-30	1.0E-10	1.0E+10	1E-30	1.0E-10	1.0E+10	1E-30	1.0E-10
14	0.000000000002	1.0E+10	1.0E+10	1E-30	0.000000000158	1.0E+10	1E-30	1.0E+10	0.07	2.9756104611439E-12	1.68749714532004E-10	2139.45938381615	1.0E+10	1E-30	1.0E-10	1.0E+10	1E-30	1.0E-10	1.0E+10	1E-30	1.0E-10	1.0E+10	1E-30	1.0E-10	1.0E+10	1E-30	1.0E-10	1.0E+10	1E-30	1.0E-10	1.0E+10	1E-30	1.0E-10	1.0E+10	1E-30	1.0E-10	1.0E+10	1E-30	1.0E-10	1.0E+10	1E-30	1.0E-10	1.0E+10	1E-30	1.0E-10	1.0E+10	1E-30	1.0E-10	1.0E+10	1E-30	1.0E-10	1.0E+10	1E-30	1.0E-10
15	0.000000000002	1.0E+10	1.0E+10	1E-30	0.000000000158	1.0E+10	1E-30	1.0E+10	0.07	2.9756104611439E-12	1.68749714532004E-10	2139.45938381615	1.0E+10	1E-30	1.0E-10	1.0E+10	1E-30	1.0E-10	1.0E+10	1E-30	1.0E-10	1.0E+10	1E-30	1.0E-10	1.0E+10	1E-30	1.0E-10	1.0E+10	1E-30	1.0E-10	1.0E+10	1E-30	1.0E-10	1.0E+10	1E-30	1.0E-10	1.0E+10	1E-30	1.0E-10	1.0E+10	1E-30	1.0E-10	1.0E+10	1E-30	1.0E-10	1.0E+10	1E-30	1.0E-10	1.0E+10	1E-30	1.0E-10	1.0E+10	1E-30	1.0E-10
16	0.0000000000022	1.0E+10	1.0E+10	1E-30	0.000000000164	1.0E+10	1E-30	1.0E+10	0.07	1.41952174759782E-09	2.44107338628505E-13	1.0E+10	3.01885732976791E-12	1.68579826082282E-10	1757.34199739002	1.0E+10	1E-30	1.0E-10	1.0E+10	1E-30	1.0E-10	1.0E+10	1E-30	1.0E-10	1.0E+10	1E-30	1.0E-10	1.0E+10	1E-30	1.0E-10	1.0E+10	1E-30	1.0E-10	1.0E+10	1E-30	1.0E-10	1.0E+10	1E-30	1.0E-10	1.0E+10	1E-30	1.0E-10	1.0E+10	1E-30	1.0E-10	1.0E+10	1E-30	1.0E-10	1.0E+10	1E-30	1.0E-10	1.0E+10	1E-30	1.0E-10
17	0.0000000000022	1.0E+10	1.0E+10	1E-30	0.000000000164	1.0E+10	1E-30	1.0E+10	0.07	1.41952174759782E-09	2.44107338628505E-13	1.0E+10	3.01885732976791E-12	1.68579826082282E-10	1757.34199739002	1.0E+10	1E-30	1.0E-10	1.0E+10	1E-30	1.0E-10	1.0E+10	1E-30	1.0E-10	1.0E+10	1E-30	1.0E-10	1.0E+10	1E-30	1.0E-10	1.0E+10	1E-30	1.0E-10	1.0E+10	1E-30	1.0E-10	1.0E+10	1E-30	1.0E-10	1.0E+10	1E-30	1.0E-10	1.0E+10	1E-30	1.0E-10	1.0E+10	1E-30	1.0E-10	1.0E+10	1E-30	1.0E-10	1.0E+10	1E-30	1.0E-10
18	0.0000000000024	1.0E+10	1.0E+10	1E-30	0.000000000156	1.0E+10	1E-30	1.0E+10	0.07	3.127693215006E-12	1.80412452340252E-10	1694.29005116934	1.0E+10	1E-30	1.0E-10	1.0E+10	1E-30	1.0E-10	1.0E+10	1E-30	1.0E-10	1.0E+10	1E-30	1.0E-10	1.0E+10	1E-30	1.0E-10	1.0E+10	1E-30	1.0E-10	1.0E+10	1E-30	1.0E-10	1.0E+10	1E-30	1.0E-10	1.0E+10	1E-30	1.0E-10	1.0E+10	1E-30	1.0E-10	1.0E+10	1E-30	1.0E-10	1.0E+10	1E-30	1.0E-10	1.0E+10	1E-30	1.0E-10	1.0E+10	1E-30	1.0E-10
19	0.0000000000024	1.0E+10	1.0E+10	1E-30	0.000000000156	1.0E+10	1E-30	1.0E+10	0.07	3.127693215006E-12	1.80412452340252E-10	1694.29005116934	1.0E+10	1E-30	1.0E-10	1.0E+10	1E-30	1.0E-10	1.0E+10	1E-30	1.0E-10	1.0E+10	1E-30	1.0E-10	1.0E+10	1E-30	1.0E-10	1.0E+10	1E-30	1.0E-10	1.0E+10	1E-30	1.0E-10	1.0E+10	1E-30	1.0E-10	1.0E+10	1E-30	1.0E-10	1.0E+10	1E-30	1.0E-10	1.0E+10	1E-30	1.0E-10	1.0E+10	1E-30	1.0E-10	1.0E+10	1E-30	1.0E-10	1.0E+10	1E-30	1.0E-10
20	0.0000000000027	1.0E+10	1.0E+10	1E-30	0.000000000168	1.0E+10	1E-30	1.0E+10	0.06	7.0692247916167E-10	4.84540734273698E-13	1.0E+10	2.92708153406596E-12	1.92777275426071E-10	2716.63225286237	1.0E+10	1E-30	1.0E-10	1.0E+10	1E-30	1.0E-10	1.0E+10	1E-30	1.0E-10	1.0E+10	1E-30	1.0E-10	1.0E+10	1E-30	1.0E-10	1.0E+10	1E-30	1.0E-10	1.0E+10	1E-30	1.0E-10	1.0E+10	1E-30	1.0E-10	1.0E+10	1E-30	1.0E-10	1.0E+10	1E-30	1.0E-10	1.0E+10	1E-30	1.0E-10	1.0E+10	1E-30	1.0E-10	1.0E+10	1E-30	1.0E-10
21	0.0000000000027	1.0E+10	1.0E+10	1E-30	0.000000000168	1.0E+10	1E-30	1.0E+10	0.06	7.0692247916167E-10	4.84540734273698E-13	1.0E+10	2.92708153406596E-12	1.92777275426071E-10	2716.63225286237	1.0E+10	1E-30	1.0E-10	1.0E+10	1E-30	1.0E-10	1.0E+10	1E-30	1.0E-10	1.0E+10	1E-30	1.0E-10	1.0E+10	1E-30	1.0E-10	1.0E+10	1E-30	1.0E-10	1.0E+10	1E-30	1.0E-10	1.0E+10	1E-30	1.0E-10	1.0E+10	1E-30	1.0E-10	1.0E+10	1E-30	1.0E-10	1.0E+10	1E-30	1.0E-10	1.0E+10	1E-30	1.0E-10	1.0E+10	1E-30	1.0E-10
22	0.000000000003	1.0E+10	1.0E+10	1E-30	0.000000000162	1.0E+10	1E-30	1.0E+10	0.055	3.08343914977095E-12	1.98079572988698E-10	1032.32095956048	1.0E+10	1E-30	1.0E-10	1.0E+10	1E-30	1.0E-10	1.0E+10	1E-30	1.0E-10	1.0E+10	1E-30	1.0E-10	1.0E+10	1E-30	1.0E-10	1.0E+10	1E-30	1.0E-10	1.0E+10	1E-30	1.0E-10	1.0E+10	1E-30	1.0E-10	1.0E+10	1E-30	1.0E-10	1.0E+10	1E-30	1.0E-10	1.0E+10	1E-30	1.0E-10	1.0E+10	1E-30	1.0E-10	1.0E+10	1E-30	1.0E-10	1.0E+10	1E-30	1.0E-10
23	0.000000000003	1.0E+10	1.0E+10	1E-30	0.000000000162	1.0E+10	1E-30	1.0E+10	0.055	3.08343914977095E-12	1.98079572988698E-10	1032.32095956048	1.0E+10	1E-30	1.0E-10	1.0E+10	1E-30	1.0E-10	1.0E+10	1E-30	1.0E-10	1.0E+10	1E-30	1.0E-10	1.0E+10	1E-30	1.0E-10	1.0E+10	1E-30	1.0E-10	1.0E+10	1E-30	1.0E-10	1.0E+10	1E-30	1.0E-10	1.0E+10	1E-30	1.0E-10	1.0E+10	1E-30	1.0E-10	1.0E+10	1E-30	1.0E-10	1.0E+10	1E-30	1.0E-10	1.0E+10	1E-30	1.0E-10	1.0E+10	1E-30	1.0E-10
24	0.0000000000033	1.0E+10	1.0E+10	1E-30	0.000000000157	1.0E+10	1E-30	1.0E+10	0.055	2.89937009771129E-12	2.09998976693302E-10	1827.63449078111	1.0E+10	1E-30	1.0E-10	1.0E+10	1E-30	1.0E-10	1.0E+10	1E-30	1.0E-10	1.0E+10	1E-30	1.0E-10	1.0E+10	1E-30	1.0E-10	1.0E+10	1E-30	1.0E-10	1.0E+10	1E-30	1.0E-10	1.0E+10	1E-30	1.0E-10	1.0E+10	1E-30	1.0E-10	1.0E+10	1E-30	1.0E-10	1.0E+10	1E-30	1.0E-10	1.0E+10	1E-30	1.0E-10	1.0E+10	1E-30	1.0E-10	1.0E+10	1E-30	1.0E-10
25	0.0000000000033	1.0E+10	1.0E+10	1E-30	0.000000000157	1.0E+10	1E-30	1.0E+10	0.055	2.89937009771129E-12	2.09998976693302E-10	1827.63449078111	1.0E+10	1E-30	1.0E-10	1.0E+10	1E-30	1.0E-10	1.0E+10	1E-30	1.0E-10	1.0E+10	1E-30	1.0E-10	1.0E+10	1E-30	1.0E-10	1.0E+10	1E-30	1.0E-10	1.0E+10	1E-30	1.0E-10	1.0E+10	1E-30	1.0E-10	1.0E+10	1E-30	1.0E-10	1.0E+10	1E-30	1.0E-10	1.0E+10	1E-30	1.0E-10	1.0E+10	1E-30	1.0E-10	1.0E+10	1E-30	1.0E-10	1.0E+10	1E-30	1.0E-10
26	0.0000000000036	1.0E+10	1.0E+10	1E-30	0.000000000167	1.0E+10	1E-30	1.0E+10	0.055	1.92558317544025E-09	1.79953626699176E-13	1.0E+10	3.72810447868565E-10	8.38816895791659E-13	0.521504246271779	3.00387869492016E-12	2.09127151515811E-10	1322.48940617467	1.0E+10	1E-30	1.0E-10	1.0E+10	1E-30	1.0E-10	1.0E+10	1E-30	1.0E-10	1.0E+10	1E-30	1.0E-10	1.0E+10	1E-30	1.0E-10	1.0E+10	1E-30	1.0E-10	1.0E+10	1E-30	1.0E-10	1.0E+10	1E-30	1.0E-10	1.0E+10	1E-30	1.0E-10	1.0E+10	1E-30	1.0E-10	1.0E+10	1E-30	1.0E-10	1.0E+10	1E-30	1.0E-10
27	0.0000000000036	1.0E+10	1.0E+10	1E-30	0.000000000167	1.0E+10	1E-30	1.0E+10	0.055	1.92558317544025E-09	1.79953626699176E-13	1.0E+10	3.72810447868565E-10	8.38816895791659E-13	0.521504246271779	3.00387869492016E-12	2.09127151515811E-10	1322.48940617467	1.0E+10	1E-30	1.0E-10	1.0E+10	1E-30	1.0E-10	1.0E+10	1E-30	1.0E-10	1.0E+10	1E-30	1.0E-10	1.0E+10	1E-30	1.0E-10	1.0E+10	1E-30	1.0E-10	1.0E+10	1E-30	1.0E-10	1.0E+10	1E-30	1.0E-10	1.0E+10	1E-30	1.0E-10	1.0E+10	1E-30	1.0E-10	1.0E+10	1E-30	1.0E-10	1.0E+10	1E-30	1.0E-10
28	0.0000000000039	1.0E+10	1.0E+10	1E-30	0.000000000116	1.0E+10	1E-30	1.0E+10	0.055	1.05467602784325E-11	2.76142811167314E-11	290.200203828974	2.71828585295699E-12	2.31171602856621E-10	2088.75429990128	1.0E+10	1E-30	1.0E-10	1.0E+10	1E-30	1.0E-10	1.0E+10	1E-30	1.0E-10	1.0E+10	1E-30	1.0E-10	1.0E+10	1E-30	1.0E-10	1.0E+10	1E-30	1.0E-10	1.0E+10	1E-30	1.0E-10	1.0E+10	1E-30	1.0E-10	1.0E+10	1E-30	1.0E-10	1.0E+10	1E-30	1.0E-10	1.0E+10	1E-30	1.0E-10	1.0E+10	1E-30	1.0E-10	1.0E+10	1E-30	1.0E-10
29	0.0000000000039	1.0E+10	1.0E+10	1E-30	0.000000000116	1.0E+10	1E-30	1.0E+10	0.055	1.05467602784325E-11	2.76142811167314E-11	290.200203828974	2.71828585295699E-12	2.31171602856621E-10	2088.75429990128	1.0E+10	1E-30	1.0E-10	1.0E+10	1E-30	1.0E-10	1.0E+10	1E-30	1.0E-10	1.0E+10	1E-30	1.0E-10	1.0E+10	1E-30	1.0E-10	1.0E+10	1E-30	1.0E-10	1.0E+10	1E-30	1.0E-10	1.0E+10	1E-30	1.0E-10	1.0E+10	1E-30	1.0E-10	1.0E+10	1E-30	1.0E-10	1.0E+10	1E-30	1.0E-10	1.0E+10	1E-30	1.0E-10	1.0E+10	1E-30	1.0E-10
30	0.000000000004	1.0E+10	1.0E+10	1E-30	0.000000000126	1.0E+10	1E-30	1.0E+10	0.05	8.91454942466674E-12	3.00444678495592E-11	357.067834862209	2.84392346265934E-12	2.26834451115717E-10	2035.02399134789	1.0E+10	1E-30	1.0E-10	1.0E+10	1E-30	1.0E-10	1.0E+10	1E-30	1.0E-10	1.0E+10	1E-30	1.0E-10	1.0E+10	1E-30	1.0E-10	1.0E+10	1E-30	1.0E-10	1.0E+10	1E-30	1.0E-10	1.0E+10	1E-30	1.0E-10	1.0E+10	1E-30	1.0E-10	1.0E+10	1E-30	1.0E-10	1.0E+10	1E-30	1.0E-10	1.0E+10	1E-30	1.0E-10	1.0E+10	1E-30	1.0E-10
31	0.000000000004	1.0E+10	1.0E+10	1E-30	0.000000000126	1.0E+10	1E-30	1.0E+10	0.05	8.91454942466674E-12	3.00444678495592E-11	357.067834862209	2.84392346265934E-12	2.26834451115717E-10	2035.02399134789	1.0E+10	1E-30	1.0E-10	1.0E+10	1E-30	1.0E-10	1.0E+10	1E-30	1.0E-10	1.0E+10	1E-30	1.0E-10	1.0E+10	1E-30	1.0E-10	1.0E+10	1E-30	1.0E-10	1.0E+10	1E-30	1.0E-10	1.0E+10	1E-30	1.0E-10	1.0E+10	1E-30	1.0E-10	1.0E+10	1E-30	1.0E-10	1.0E+10	1E-30	1.0E-10	1.0E+10	1E-30	1.0E-10	1.0E+10	1E-30	1.0E-10
32	0.0000000000043	1.0E+10	1.0E+10	1E-30	0.000000000117	1.0E+10	1E-30	1.0E+10	0.045	7.06846205733808E-11	3.98173930986365E-12	1.0E+10	9.34017313754711E-12	3.40464860253988E-11	340.796558582193	3.05865844437489E-12	2.20352777941103E-10	2738.64378927637	1.0E+10	1E-30	1.0E-10	1.0E+10	1E-30	1.0E-10	1.0E+10	1E-30	1.0E-10	1.0E+10	1E-30	1.0E-10	1.0E+10	1E-30	1.0E-10	1.0E+10	1E-30	1.0E-10	1.0E+10	1E-30	1.0E-10	1.0E+10	1E-30	1.0E-10	1.0E+10	1E-30	1.0E-10	1.0E+10	1E-30	1.0E-10	1.0E+10	1E-30	1.0E-10	1.0E+10	1E-30	1.0E-10
33	0.0000000000043	1.0E+10	1.0E+10	1E-30	0.000000000117	1.0E+10	1E-30	1.0E+10	0.045	7.06846205733808E-11	3.98173930986365E-12	1.0E+10	9.34017313754711E-12	3.40464860253988E-11	340.796558582193	3.05865844437489E-12	2.20352777941103E-10	2738.64378927637	1.0E+10	1E-30	1.0E-10	1.0E+10	1E-30	1.0E-10	1.0E+10	1E-30	1.0E-10	1.0E+10	1E-30	1.0E-10	1.0E+10	1E-30	1.0E-10	1.0E+10	1E-30	1.0E-10	1.0E+10	1E-30	1.0E-10	1.0E+10	1E-30	1.0E-10	1.0E+10	1E-30	1.0E-10	1.0E+10	1E-30	1.0E-10	1.0E+10	1E-30	1.0E-10	1.0E+10	1E-30	1.0E-10
34	0.0000000000047	1.0E+10	1.0E+10	1E-30	0.000000000115	1.0E+10	1E-30	1.0E+10	0.04	1E-30	3.79215146774037E-12	8.93504639426469E-02	7.84147365484376E-12	4.22261163906089E-11	1.0E+10	4.78163712610088E-11	7.33205640027792E-12	10.9961037297213	3.05991322701607E-12	2.33044700791697E-10	3715.20673216462	1.0E+10	1E-30	1.0E-10	1.0E+10	1E-30	1.0E-10	1.0E+10	1E-30	1.0E-10	1.0E+10	1E-30	1.0E-10	1.0E+10	1E-30	1.0E-10	1.0E+10	1E-30	1.0E-10	1.0E+10	1E-30	1.0E-10	1.0E+10	1E-30	1.0E-10	1.0E+10	1E-30	1.0E-10	1.0E+10	1E-30	1.0E-10	1.0E+10	1E-30	1.0E-10
35	0.0000000000047	1.0E+10	1.0E+10	1E-30	0.000000000115	1.0E+10	1E-30	1.0E+10	0.04	1E-30	3.79215146774037E-12	8.93504639426469E-02	7.84147365484376E-12	4.22261163906089E-11	1.0E+10	4.78163712610088E-11	7.33205640027792E-12	10.9961037297213	3.05991322701607E-12	2.33044700791697E-10	3715.20673216462	1.0E+10	1E-30	1.0E-10	1.0E+10	1E-30	1.0E-10	1.0E+10	1E-30	1.0E-10	1.0E+10	1E-30	1.0E-10	1.0E+10	1E-30	1.0E-10	1.0E+10	1E-30	1.0E-10	1.0E+10	1E-30	1.0E-10	1.0E+10	1E-30	1.0E-10	1.0E+10	1E-30	1.0E-10	1.0E+10	1E-30	1.0E-10	1.0E+10	1E-30	1.0E-10
36	0.000000000005	1.0E+10	1.0E+10	1E-30	0.000000000103	1.0E+10	1E-30	1.0E+10	0.04	1E-30	4.54032381363338E-12	0.342332350507906	5.10130158444425E-12	6.5380560665554E-11	239.991455660616	3.12463632731139E-12	2.27683087155003E-10	1959.05805471449	1.0E+10	1E-30	1.0E-10	1.0E+10	1E-30	1.0E-10	1.0E+10	1E-30	1.0E-10	1.0E+10	1E-30	1.0E-10	1.0E+10	1E-30	1.0E-10	1.0E+10	1E-30	1.0E-10	1.0E+10	1E-30	1.0E-10	1.0E+10	1E-30	1.0E-10	1.0E+10	1E-30	1.0E-10	1.0E+10	1E-30	1.0E-10	1.0E+10	1E-30	1.0E-10	1.0E+10	1E-30	1.0E-10
37	0.000000000005	1.0E+10	1.0E+10	1E-30	0.000000000103	1.0E+10	1E-30	1.0E+10	0.04	1E-30	4.54032381363338E-12	0.342332350507906	5.10130158444425E-12	6.5380560665554E-11	239.991455660616	3.12463632731139E-12	2.27683087155003E-10	1959.05805471449	1.0E+10	1E-30	1.0E-10	1.0E+10	1E-30	1.0E-10	1.0E+10	1E-30	1.0E-10	1.0E+10	1E-30	1.0E-10	1.0E+10	1E-30	1.0E-10	1.0E+10	1E-30	1.0E-10	1.0E+10	1E-30	1.0E-10	1.0E+10	1E-30	1.0E-10	1.0E+10	1E-30	1.0E-10	1.0E+10	1E-30	1.0E-10	1.0E+10	1E-30	1.0E-10	1.0E+10	1E-30	1.0E-10
38	0.0000000000051	1.0E+10	1.0E+10	1E-30	0.000000000126	1.0E+10	1E-30	1.0E+10	0.04	1E-30	4.13855223287514E-12	0.146268509527105	3.91139349451406E-11	8.52109018721829E-12	1.0E+10	7.36826352921982E-12	4.78077722949031E-11	216.000611895524	3.21808528013173E-12	2.21367110240054E-10	4943.56660000583	1.0E+10	1E-30	1.0E-10	1.0E+10	1E-30	1.0E-10	1.0E+10	1E-30	1.0E-10	1.0E+10	1E-30	1.0E-10	1.0E+10	1E-30	1.0E-10	1.0E+10	1E-30	1.0E-10	1.0E+10	1E-30	1.0E-10	1.0E+10	1E-30	1.0E-10	1.0E+10	1E-30	1.0E-10	1.0E+10	1E-30	1.0E-10	1.0E+10	1E-30	1.0E-10
39	0.0000000000051	1.0E+10	1.0E+10	1E-30	0.000000000126	1.0E+10	1E-30	1.0E+10	0.04	1E-30	4.13855223287514E-12	0.146268509527105	3.91139349451406E-11	8.52109018721829E-12	1.0E+10	7.36826352921982E-12	4.78077722949031E-11	216.000611895524	3.21808528013173E-12	2.21367110240054E-10	4943.56660000583	1.0E+10	1E-30	1.0E-10	1.0E+10	1E-30	1.0E-10	1.0E+10	1E-30	1.0E-10	1.0E+10	1E-30	1.0E-10	1.0E+10	1E-30	1.0E-10	1.0E+10	1E-30	1.0E-10	1.0E+10	1E-30	1.0E-10	1.0E+10	1E-30	1.0E-10	1.0E+10	1E-30	1.0E-10	1.0E+10	1E-30	1.0E-10	1.0E+10	1E-30	1.0E-10
40	0.0000000000056	1.0E+10	1.0E+10	1E-30	0.000000000085	1.0E+10	1E-30	1.0E+10	0.035	1E-30	1.63367924504478E-12	8.37215362811754E-02	7.33701637952353E-11	4.37843671614831E-12	1.0E+10	5.17021452926129E-12	7.242022774853E-11	2197.85282813143	3.43445990213883E-12	2.27881959642927E-10	2894.2498466615	1.0E+10	1E-30	1.0E-10	1.0E+10	1E-30	1.0E-10	1.0E+10	1E-30	1.0E-10	1.0E+10	1E-30	1.0E-10	1.0E+10	1E-30	1.0E-10	1.0E+10	1E-30	1.0E-10	1.0E+10	1E-30	1.0E-10	1.0E+10	1E-30	1.0E-10	1.0E+10	1E-30	1.0E-10	1.0E+10	1E-30	1.0E-10	1.0E+10	1E-30	1.0E-10
41	0.0000000000056	1.0E+10	1.0E+10	1E-30	0.000000000085	1.0E+10	1E-30	1.0E+10	0.035	1E-30	1.63367924504478E-12	8.37215362811754E-02	7.33701637952353E-11	4.37843671614831E-12	1.0E+10	5.17021452926129E-12	7.242022774853E-11	2197.85282813143	3.43445990213883E-12	2.27881959642927E-10	2894.2498466615	1.0E+10	1E-30	1.0E-10	1.0E+10	1E-30	1.0E-10	1.0E+10	1E-30	1.0E-10	1.0E+10	1E-30	1.0E-10	1.0E+10	1E-30	1.0E-10	1.0E+10	1E-30	1.0E-10	1.0E+10	1E-30	1.0E-10	1.0E+10	1E-30	1.0E-10	1.0E+10	1E-30	1.0E-10	1.0E+10	1E-30	1.0E-10	1.0E+10	1E-30	1.0E-10
42	0.000000000006	1.0E+10	1.0E+10	1E-30	0.000000000085	1.0E+10	1E-30	1.0E+10	0.035	4.95805940194048E-12	8.19642121793193E-11	457.55625857919	3.4761438180916E-12	2.36568306463536E-10	1269.73741200559	1.0E+10	1E-30	1.0E-10	1.0E+10	1E-30	1.0E-10	1.0E+10	1E-30	1.0E-10	1.0E+10	1E-30	1.0E-10	1.0E+10	1E-30	1.0E-10	1.0E+10	1E-30	1.0E-10	1.0E+10	1E-30	1.0E-10	1.0E+10	1E-30	1.0E-10	1.0E+10	1E-30	1.0E-10	1.0E+10	1E-30	1.0E-10	1.0E+10	1E-30	1.0E-10	1.0E+10	1E-30	1.0E-10	1.0E+10	1E-30	1.0E-10
43	0.000000000006	1.0E+10	1.0E+10	1E-30	0.000000000085	1.0E+10	1E-30	1.0E+10	0.035	4.95805940194048E-12	8.19642121793193E-11	457.55625857919	3.4761438180916E-12	2.36568306463536E-10	1269.73741200559	1.0E+10	1E-30	1.0E-10	1.0E+10	1E-30	1.0E-10	1.0E+10	1E-30	1.0E-10	1.0E+10	1E-30	1.0E-10	1.0E+10	1E-30	1.0E-10	1.0E+10	1E-30	1.0E-10	1.0E+10	1E-30	1.0E-10	1.0E+10	1E-30	1.0E-10	1.0E+10	1E-30	1.0E-10	1.0E+10	1E-30	1.0E-10	1.0E+10	1E-30	1.0E-10	1.0E+10	1E-30	1.0E-10	1.0E+10	1E-30	1.0E-10
44	0.0000000000062	1.0E+10	1.0E+10	1E-30	0.000000000069	1.0E+10	1E-30	1.0E+10	0.035	4.59598387038217E-12	8.87583729421855E-11	313.707825052814	3.40298516679345E-12	2.43405251868315E-10	752.221885267241	1.0E+10	1E-30	1.0E-10	1.0E+10	1E-30	1.0E-10	1.0E+10	1E-30	1.0E-10	1.0E+10	1E-30	1.0E-10	1.0E+10	1E-30	1.0E-10	1.0E+10	1E-30	1.0E-10	1.0E+10	1E-30	1.0E-10	1.0E+10	1E-30	1.0E-10	1.0E+10	1E-30	1.0E-10	1.0E+10	1E-30	1.0E-10	1.0E+10	1E-30	1.0E-10	1.0E+10	1E-30	1.0E-10	1.0E+10	1E-30	1.0E-10
45	0.0000000000062	1.0E+10	1.0E+10	1E-30	0.000000000069	1.0E+10	1E-30	1.0E+10	0.035	4.59598387038217E-12	8.87583729421855E-11	313.707825052814	3.40298516679345E-12	2.43405251868315E-10	752.221885267241	1.0E+10	1E-30	1.0E-10	1.0E+10	1E-30	1.0E-10	1.0E+10	1E-30	1.0E-10	1.0E+10	1E-30	1.0E-10	1.0E+10	1E-30	1.0E-10	1.0E+10	1E-30	1.0E-10	1.0E+10	1E-30	1.0E-10	1.0E+10	1E-30	1.0E-10	1.0E+10	1E-30	1.0E-10	1.0E+10	1E-30	1.0E-10	1.0E+10	1E-30	1.0E-10	1.0E+10	1E-30	1.0E-10	1.0E+10	1E-30	1.0E-10
46	0.0000000000068	1.0E+10	1.0E+10	1E-30	0.000000000035	1.0E+10	1E-30	1.0E+10	0.035	1E-30	3.09351980939949E-12	0.129581054759253	3.1186744880125E-12	1.34532799050204E-10	2833.51710285665	3.74231280316481E-12	2.2788050505485E-10	2360.7418804965	1.0E+10	1E-30	1.0E-10	1.0E+10	1E-30	1.0E-10	1.0E+10	1E-30	1.0E-10	1.0E+10	1E-30	1.0E-10	1.0E+10	1E-30	1.0E-10	1.0E+10	1E-30	1.0E-10	1.0E+10	1E-30	1.0E-10	1.0E+10	1E-30	1.0E-10	1.0E+10	1E-30	1.0E-10	1.0E+10	1E-30	1.0E-10	1.0E+10	1E-30	1.0E-10	1.0E+10	1E-30	1.0E-10
47	0.0000000000068	1.0E+10	1.0E+10	1E-30	0.000000000035	1.0E+10	1E-30	1.0E+10	0.035	1E-30	3.09351980939949E-12	0.129581054759253	3.1186744880125E-12	1.34532799050204E-10	2833.51710285665	3.74231280316481E-12	2.2788050505485E-10	2360.7418804965	1.0E+10	1E-30	1.0E-10	1.0E+10	1E-30	1.0E-10	1.0E+10	1E-30	1.0E-10	1.0E+10	1E-30	1.0E-10	1.0E+10	1E-30	1.0E-10	1.0E+10	1E-30	1.0E-10	1.0E+10	1E-30	1.0E-10	1.0E+10	1E-30	1.0E-10	1.0E+10	1E-30	1.0E-10	1.0E+10	1E-30	1.0E-10	1.0E+10	1E-30	1.0E-10	1.0E+10	1E-30	1.0E-10
48	0.000000000007	1.0E+10	1.0E+10	1E-30	0.000000000053	1.0E+10	1E-30	1.0E+10	0.035	3.98477227215426E-12	1.11517455952492E-10	664.354618463943	3.73027735777685E-12	2.34429225240643E-10	1064.65726457545	1.0E+10	1E-30	1.0E-10	1.0E+10	1E-30	1.0E-10	1.0E+10	1E-30	1.0E-10	1.0E+10	1E-30	1.0E-10	1.0E+10	1E-30	1.0E-10	1.0E+10	1E-30	1.0E-10	1.0E+10	1E-30	1.0E-10	1.0E+10	1E-30	1.0E-10	1.0E+10	1E-30	1.0E-10	1.0E+10	1E-30	1.0E-10	1.0E+10	1E-30	1.0E-10	1.0E+10	1E-30	1.0E-10	1.0E+10	1E-30	1.0E-10
49	0.000000000007	1.0E+10	1.0E+10	1E-30	0.000000000053	1.0E+10	1E-30	1.0E+10	0.035	3.98477227215426E-12	1.11517455952492E-10	664.354618463943	3.73027735777685E-12	2.34429225240643E-10	1064.65726457545	1.0E+10	1E-30	1.0E-10	1.0E+10	1E-30	1.0E-10	1.0E+10	1E-30	1.0E-10	1.0E+10	1E-30	1.0E-10	1.0E+10	1E-30	1.0E-10	1.0E+10	1E-30	1.0E-10	1.0E+10	1E-30	1.0E-10	1.0E+10	1E-30	1.0E-10	1.0E+10	1E-30	1.0E-10	1.0E+10	1E-30	1.0E-10	1.0E+10	1E-30	1.0E-10	1.0E+10	1E-30	1.0E-10	1.0E+10	1E-30	1.0E-10
50	0.0000000000075	1.0E+10	1.0E+10	1E-30	0.000000000028	1.0E+10	1E-30	1.0E+10	0.035	2.60140340407516E-12	1.66061502703763E-10	815.738883314934	4.30863300569131E-12	2.12566302226505E-10	511.274340712277	1.0E+10	1E-30	1.0E-10	1.0E+10	1E-30	1.0E-10	1.0E+10	1E-30	1.0E-10	1.0E+10	1E-30	1.0E-10	1.0E+10	1E-30	1.0E-10	1.0E+10	1E-30	1.0E-10	1.0E+10	1E-30	1.0E-10	1.0E+10	1E-30	1.0E-10	1.0E+10	1E-30	1.0E-10	1.0E+10	1E-30	1.0E-10	1.0E+10	1E-30	1.0E-10	1.0E+10	1E-30	1.0E-10	1.0E+10	1E-30	1.0E-10
51	0.0000000000075	1.0E+10	1.0E+10	1E-30	0.000000000028	1.0E+10	1E-30	1.0E+10	0.035	2.60140340407516E-12	1.66061502703763E-10	815.738883314934	4.30863300569131E-12	2.12566302226505E-10	511.274340712277	1.0E+10	1E-30	1.0E-10	1.0E+10	1E-30	1.0E-10	1.0E+10	1E-30	1.0E-10	1.0E+10	1E-30	1.0E-10	1.0E+10	1E-30	1.0E-10	1.0E+10	1E-30	1.0E-10	1.0E+10	1E-30	1.0E-10	1.0E+10	1E-30	1.0E-10	1.0E+10	1E-30	1.0E-10	1.0E+10	1E-30	1.0E-10	1.0E+10	1E-30	1.0E-10	1.0E+10	1E-30	1.0E-10	1.0E+10	1E-30	1.0E-10
52	0.000000000008	1.0E+10	1.0E+10	1E-30	0.000000000009	1.0E+10	1E-30	1.0E+10	0.03	2.14670936790486E-12	1.98551676565085E-10	1951.0270177794	4.71289126571435E-12	2.01478095312984E-10	544.679490026492	1.0E+10	1E-30	1.0E-10	1.0E+10	1E-30	1.0E-10	1.0E+10	1E-30	1.0E-10	1.0E+10	1E-30	1.0E-10	1.0E+10	1E-30	1.0E-10	1.0E+10	1E-30	1.0E-10	1.0E+10	1E-30	1.0E-10	1.0E+10	1E-30	1.0E-10	1.0E+10	1E-30	1.0E-10	1.0E+10	1E-30	1.0E-10	1.0E+10	1E-30	1.0E-10	1.0E+10	1E-30	1.0E-10	1.0E+10	1E-30	1.0E-10
53	0.000000000008	1.0E+10	1.0E+10	1E-30	0.000000000009	1.0E+10	1E-30	1.0E+10	0.03	2.14670936790486E-12	1.98551676565085E-10	1951.0270177794	4.71289126571435E-12	2.01478095312984E-10	544.679490026492	1.0E+10	1E-30	1.0E-10	1.0E+10	1E-30	1.0E-10	1.0E+10	1E-30	1.0E-10	1.0E+10	1E-30	1.0E-10	1.0E+10	1E-30	1.0E-10	1.0E+10	1E-30	1.0E-10	1.0E+10	1E-30	1.0E-10	1.0E+10	1E-30	1.0E-10	1.0E+10	1E-30	1.0E-10	1.0E+10	1E-30	1.0E-10	1.0E+10	1E-30	1.0E-10	1.0E+10	1E-30	1.0E-10	1.0E+10	1E-30	1.0E-10
54	0.0000000000082	1.0E+10	1.0E+10	1E-30	0.000000000052	1.0E+10	1E-30	1.0E+10	0.03	2.34013174951338E-12	1.87648197906922E-10	1131.27528474864	5.17481201750765E-12	1.85132020350401E-10	364.637783393633	1.0E+10	1E-30	1.0E-10	1.0E+10	1E-30	1.0E-10	1.0E+10	1E-30	1.0E-10	1.0E+10	1E-30	1.0E-10	1.0E+10	1E-30	1.0E-10	1.0E+10	1E-30	1.0E-10	1.0E+10	1E-30	1.0E-10	1.0E+10	1E-30	1.0E-10	1.0E+10	1E-30	1.0E-10	1.0E+10	1E-30	1.0E-10	1.0E+10	1E-30	1.0E-10	1.0E+10	1E-30	1.0E-10	1.0E+10	1E-30	1.0E-10
55	0.0000000000082	1.0E+10	1.0E+10	1E-30	0.000000000052	1.0E+10	1E-30	1.0E+10	0.03	2.34013174951338E-12	1.87648197906922E-10	1131.27528474864	5.17481201750765E-12	1.85132020350401E-10	364.637783393633	1.0E+10	1E-30	1.0E-10	1.0E+10	1E-30	1.0E-10	1.0E+10	1E-30	1.0E-10	1.0E+10	1E-30	1.0E-10	1.0E+10	1E-30	1.0E-10	1.0E+10	1E-30	1.0E-10	1.0E+10	1E-30	1.0E-10	1.0E+10	1E-30	1.0E-10	1.0E+10	1E-30	1.0E-10	1.0E+10	1E-30	1.0E-10	1.0E+10	1E-30	1.0E-10	1.0E+10	1E-30	1.0E-10	1.0E+10	1E-30	1.0E-10
56	0.000000000009	1.0E+10	1.0E+10	1E-30	0.000000000015	1.0E+10	1E-30	1.0E+10	0.03	1E-30	4.51186048111146E-12	0.340186265795565	1.87585414774921E-12	2.32131299481941E-10	2017.31003081402	5.82724559092496E-12	1.76982912722665E-10	440.519482336103	1.0E+10	1E-30	1.0E-10	1.0E+10	1E-30	1.0E-10	1.0E+10	1E-30	1.0E-10	1.0E+10	1E-30	1.0E-10	1.0E+10	1E-30	1.0E-10	1.0E+10	1E-30	1.0E-10	1.0E+10	1E-30	1.0E-10	1.0E+10	1E-30	1.0E-10	1.0E+10	1E-30	1.0E-10	1.0E+10	1E-30	1.0E-10	1.0E+10	1E-30	1.0E-10	1.0E+10	1E-30	1.0E-10
57	0.000000000009	1.0E+10	1.0E+10	1E-30	0.000000000015	1.0E+10	1E-30	1.0E+10	0.03	1E-30	4.51186048111146E-12	0.340186265795565	1.87585414774921E-12	2.32131299481941E-10	2017.31003081402	5.82724559092496E-12	1.76982912722665E-10	440.519482336103	1.0E+10	1E-30	1.0E-10	1.0E+10	1E-30	1.0E-10	1.0E+10	1E-30	1.0E-10	1.0E+10	1E-30	1.0E-10	1.0E+10	1E-30	1.0E-10	1.0E+10	1E-30	1.0E-10	1.0E+10	1E-30	1.0E-10	1.0E+10	1E-30	1.0E-10	1.0E+10	1E-30	1.0E-10	1.0E+10	1E-30	1.0E-10	1.0E+10	1E-30	1.0E-10	1.0E+10	1E-30	1.0E-10
58	0.0000000000091	1.0E+10	1.0E+10	1E-30	0.00000000004	1.0E+10	1E-30	1.0E+10	0.03	1.94600001523019E-12	2.26787933419034E-10	2271.82456672211	6.12338023323464E-12	1.67005434283668E-10	419.215386499621	1.0E+10	1E-30	1.0E-10	1.0E+10	1E-30	1.0E-10	1.0E+10	1E-30	1.0E-10	1.0E+10	1E-30	1.0E-10	1.0E+10	1E-30	1.0E-10	1.0E+10	1E-30	1.0E-10	1.0E+10	1E-30	1.0E-10	1.0E+10	1E-30	1.0E-10	1.0E+10	1E-30	1.0E-10	1.0E+10	1E-30	1.0E-10	1.0E+10	1E-30	1.0E-10	1.0E+10	1E-30	1.0E-10	1.0E+10	1E-30	1.0E-10
59	0.0000000000091	1.0E+10	1.0E+10	1E-30	0.00000000004	1.0E+10	1E-30	1.0E+10	0.03	1.94600001523019E-12	2.26787933419034E-10	2271.82456672211	6.12338023323464E-12	1.67005434283668E-10	419.215386499621	1.0E+10	1E-30	1.0E-10	1.0E+10	1E-30	1.0E-10	1.0E+10	1E-30	1.0E-10	1.0E+10	1E-30	1.0E-10	1.0E+10	1E-30	1.0E-10	1.0E+10	1E-30	1.0E-10	1.0E+10	1E-30	1.0E-10	1.0E+10	1E-30	1.0E-10	1.0E+10	1E-30	1.0E-10	1.0E+10	1E-30	1.0E-10	1.0E+10	1E-30	1.0E-10	1.0E+10	1E-30	1.0E-10	1.0E+10	1E-30	1.0E-10
60	0.00000000001	1.0E+10	1.0E+10	1E-30	7.35696729786979E-12	1.0E+10	1E-30	1.0E+10	2.98874375994718E-02	6.4232242968139E-12	1.72350676935853E-10	340.616422770771	2.33208194131398E-12	2.1326239831151E-10	886.701896664126	2.37669516247319E-11	1.25800151405973E-11	8.79926214238395	1.0E+10	1E-30	1.0E-10	1.0E+10	1E-30	1.0E-10	1.0E+10	1E-30	1.0E-10	1.0E+10	1E-30	1.0E-10	1.0E+10	1E-30	1.0E-10	1.0E+10	1E-30	1.0E-10	1.0E+10	1E-30	1.0E-10	1.0E+10	1E-30	1.0E-10	1.0E+10	1E-30	1.0E-10	1.0E+10	1E-30	1.0E-10	1.0E+10	1E-30	1.0E-10	1.0E+10	1E-30	1.0E-10
61	0.00000000001	1.0E+10	1.0E+10	1E-30	7.35696729786979E-12	1.0E+10	1E-30	1.0E+10	2.98874375994718E-02	6.4232242968139E-12	1.72350676935853E-10	340.616422770771	2.33208194131398E-12	2.1326239831151E-10	886.701896664126	2.37669516247319E-11	1.25800151405973E-11	8.79926214238395	1.0E+10	1E-30	1.0E-10	1.0E+10	1E-30	1.0E-10	1.0E+10	1E-30	1.0E-10	1.0E+10	1E-30	1.0E-10	1.0E+10	1E-30	1.0E-10	1.0E+10	1E-30	1.0E-10	1.0E+10	1E-30	1.0E-10	1.0E+10	1E-30	1.0E-10	1.0E+10	1E-30	1.0E-10	1.0E+10	1E-30	1.0E-10	1.0E+10	1E-30	1.0E-10	1.0E+10	1E-30	1.0E-10
62	0.000000000011	1.0E+10	1.0E+10	1E-30	1.19154225766225E-10	1.0E+10	1E-30	1.0E+10	2.94826796228283E-02	1E-30	1.70601071970944E-13	4.20589975301807E-03	7.39641851370277E-12	1.70410279896355E-10	408.811002486403	5.03795311068729E-12	1.29142288219876E-10	355.533228527218	1.55304545197217E-10	2.12521441527471E-12	2.90348409269879	1.96938029446832E-10	8.53003396760121E-14	1.85581152363002	1.0E+10	1E-30	1.0E-10	1.0E+10	1E-30	1.0E-10	1.0E+10	1E-30	1.0E-10	1.0E+10	1E-30	1.0E-10	1.0E+10	1E-30	1.0E-10	1.0E+10	1E-30	1.0E-10	1.0E+10	1E-30	1.0E-10	1.0E+10	1E-30	1.0E-10	1.0E+10	1E-30	1.0E-10	1.0E+10	1E-30	1.0E-10
63	0.000000000011	1.0E+10	1.0E+10	1E-30	1.19154225766225E-10	1.0E+10	1E-30	1.0E+10	2.94826796228283E-02	1E-30	1.70601071970944E-13	4.20589975301807E-03	7.39641851370277E-12	1.70410279896355E-10	408.811002486403	5.03795311068729E-12	1.29142288219876E-10	355.533228527218	1.55304545197217E-10	2.12521441527471E-12	2.90348409269879	1.96938029446832E-10	8.53003396760121E-14	1.85581152363002	1.0E+10	1E-30	1.0E-10	1.0E+10	1E-30	1.0E-10	1.0E+10	1E-30	1.0E-10	1.0E+10	1E-30	1.0E-10	1.0E+10	1E-30	1.0E-10	1.0E+10	1E-30	1.0E-10	1.0E+10	1E-30	1.0E-10	1.0E+10	1E-30	1.0E-10	1.0E+10	1E-30	1.0E-10	1.0E+10	1E-30	1.0E-10
64	0.000000000012	1.0E+10	1.0E+10	1E-30	4.134794677425E-11	1.0E+10	1E-30	1.0E+10	2.93545608381959E-02	0.00000000000831	0.000000000154	325	2.51046342053315E-12	2.05599394263235E-10	1009.90949480077	0.00000000000857	3.77213567288943E-11	218	1.0E+10	1E-30	1.0E-10	1.0E+10	1E-30	1.0E-10	1.0E+10	1E-30	1.0E-10	1.0E+10	1E-30	1.0E-10	1.0E+10	1E-30	1.0E-10	1.0E+10	1E-30	1.0E-10	1.0E+10	1E-30	1.0E-10	1.0E+10	1E-30	1.0E-10	1.0E+10	1E-30	1.0E-10	1.0E+10	1E-30	1.0E-10	1.0E+10	1E-30	1.0E-10	1.0E+10	1E-30	1.0E-10
65	0.000000000012	1.0E+10	1.0E+10	1E-30	4.134794677425E-11	1.0E+10	1E-30	1.0E+10	2.93545608381959E-02	0.00000000000831	0.000000000154	325	2.51046342053315E-12	2.05599394263235E-10	1009.90949480077	0.00000000000857	3.77213567288943E-11	218	1.0E+10	1E-30	1.0E-10	1.0E+10	1E-30	1.0E-10	1.0E+10	1E-30	1.0E-10	1.0E+10	1E-30	1.0E-10	1.0E+10	1E-30	1.0E-10	1.0E+10	1E-30	1.0E-10	1.0E+10	1E-30	1.0E-10	1.0E+10	1E-30	1.0E-10	1.0E+10	1E-30	1.0E-10	1.0E+10	1E-30	1.0E-10	1.0E+10	1E-30	1.0E-10	1.0E+10	1E-30	1.0E-10
66	0.000000000013	1.0E+10	1.0E+10	1E-30	6.5951969098865E-11	1.0E+10	1E-30	1.0E+10	2.92984145930706E-02	8.97416098268149E-12	1.61071582449968E-10	408.332530799431	4.05157176086312E-12	1.68514248587971E-10	419.941371014584	1.91811906941779E-11	1.94063219851008E-11	73.9549326333954	1.0E+10	1E-30	1.0E-10	1.0E+10	1E-30	1.0E-10	1.0E+10	1E-30	1.0E-10	1.0E+10	1E-30	1.0E-10	1.0E+10	1E-30	1.0E-10	1.0E+10	1E-30	1.0E-10	1.0E+10	1E-30	1.0E-10	1.0E+10	1E-30	1.0E-10	1.0E+10	1E-30	1.0E-10	1.0E+10	1E-30	1.0E-10	1.0E+10	1E-30	1.0E-10	1.0E+10	1E-30	1.0E-10
67	0.000000000013	1.0E+10	1.0E+10	1E-30	6.5951969098865E-11	1.0E+10	1E-30	1.0E+10	2.92984145930706E-02	8.97416098268149E-12	1.61071582449968E-10	408.332530799431	4.05157176086312E-12	1.68514248587971E-10	419.941371014584	1.91811906941779E-11	1.94063219851008E-11	73.9549326333954	1.0E+10	1E-30	1.0E-10	1.0E+10	1E-30	1.0E-10	1.0E+10	1E-30	1.0E-10	1.0E+10	1E-30	1.0E-10	1.0E+10	1E-30	1.0E-10	1.0E+10	1E-30	1.0E-10	1.0E+10	1E-30	1.0E-10	1.0E+10	1E-30	1.0E-10	1.0E+10	1E-30	1.0E-10	1.0E+10	1E-30	1.0E-10	1.0E+10	1E-30	1.0E-10	1.0E+10	1E-30	1.0E-10
68	0.000000000015	1.0E+10	1.0E+10	1E-30	7.25305536019143E-11	1.0E+10	1E-30	1.0E+10	0.030229999363391	1.25578238106618E-11	1.3084779082442E-10	258.894931414608	4.00334934874676E-12	1.73161737456267E-10	389.848014356449	6.06135448646716E-12	6.49192434951288E-11	181.362223971123	1.0E+10	1E-30	1.0E-10	1.0E+10	1E-30	1.0E-10	1.0E+10	1E-30	1.0E-10	1.0E+10	1E-30	1.0E-10	1.0E+10	1E-30	1.0E-10	1.0E+10	1E-30	1.0E-10	1.0E+10	1E-30	1.0E-10	1.0E+10	1E-30	1.0E-10	1.0E+10	1E-30	1.0E-10	1.0E+10	1E-30	1.0E-10	1.0E+10	1E-30	1.0E-10	1.0E+10	1E-30	1.0E-10
69	0.000000000015	1.0E+10	1.0E+10	1E-30	7.25305536019143E-11	1.0E+10	1E-30	1.0E+10	0.030229999363391	1.25578238106618E-11	1.3084779082442E-10	258.894931414608	4.00334934874676E-12	1.73161737456267E-10	389.848014356449	6.06135448646716E-12	6.49192434951288E-11	181.362223971123	1.0E+10	1E-30	1.0E-10	1.0E+10	1E-30	1.0E-10	1.0E+10	1E-30	1.0E-10	1.0E+10	1E-30	1.0E-10	1.0E+10	1E-30	1.0E-10	1.0E+10	1E-30	1.0E-10	1.0E+10	1E-30	1.0E-10	1.0E+10	1E-30	1.0E-10	1.0E+10	1E-30	1.0E-10	1.0E+10	1E-30	1.0E-10	1.0E+10	1E-30	1.0E-10	1.0E+10	1E-30	1.0E-10
70	0.000000000016	1.0E+10	1.0E+10	1E-30	9.88290997854339E-11	1.0E+10	1E-30	1.0E+10	0.028863629590691	1.23244665479177E-11	1.40814670341214E-10	241.605935030068	4.81715934693318E-12	1.58434052488259E-10	281.021479878866	1.18154258867644E-11	3.73530516182699E-11	70.4437027074598	1.0E+10	1E-30	1.0E-10	1.0E+10	1E-30	1.0E-10	1.0E+10	1E-30	1.0E-10	1.0E+10	1E-30	1.0E-10	1.0E+10	1E-30	1.0E-10	1.0E+10	1E-30	1.0E-10	1.0E+10	1E-30	1.0E-10	1.0E+10	1E-30	1.0E-10	1.0E+10	1E-30	1.0E-10	1.0E+10	1E-30	1.0E-10	1.0E+10	1E-30	1.0E-10	1.0E+10	1E-30	1.0E-10
71	0.000000000016	1.0E+10	1.0E+10	1E-30	9.88290997854339E-11	1.0E+10	1E-30	1.0E+10	0.028863629590691	1.23244665479177E-11	1.40814670341214E-10	241.605935030068	4.81715934693318E-12	1.58434052488259E-10	281.021479878866	1.18154258867644E-11	3.73530516182699E-11	70.4437027074598	1.0E+10	1E-30	1.0E-10	1.0E+10	1E-30	1.0E-10	1.0E+10	1E-30	1.0E-10	1.0E+10	1E-30	1.0E-10	1.0E+10	1E-30	1.0E-10	1.0E+10	1E-30	1.0E-10	1.0E+10	1E-30	1.0E-10	1.0E+10	1E-30	1.0E-10	1.0E+10	1E-30	1.0E-10	1.0E+10	1E-30	1.0E-10	1.0E+10	1E-30	1.0E-10	1.0E+10	1E-30	1.0E-10
72	0.000000000018	1.0E+10	1.0E+10	1E-30	3.28521332738443E-11	1.0E+10	1E-30	1.0E+10	0.031	1.6059034100609E-11	1.1776546418457E-10	220.739245093454	4.16504520216382E-12	1.78575650831105E-10	379.220388565734	3.61140342182935E-12	1.16166168181904E-10	449.949290743509	1.0E+10	1E-30	1.0E-10	1.0E+10	1E-30	1.0E-10	1.0E+10	1E-30	1.0E-10	1.0E+10	1E-30	1.0E-10	1.0E+10	1E-30	1.0E-10	1.0E+10	1E-30	1.0E-10	1.0E+10	1E-30	1.0E-10	1.0E+10	1E-30	1.0E-10	1.0E+10	1E-30	1.0E-10	1.0E+10	1E-30	1.0E-10	1.0E+10	1E-30	1.0E-10	1.0E+10	1E-30	1.0E-10
73	0.000000000018	1.0E+10	1.0E+10	1E-30	3.28521332738443E-11	1.0E+10	1E-30	1.0E+10	0.031	1.6059034100609E-11	1.1776546418457E-10	220.739245093454	4.16504520216382E-12	1.78575650831105E-10	379.220388565734	3.61140342182935E-12	1.16166168181904E-10	449.949290743509	1.0E+10	1E-30	1.0E-10	1.0E+10	1E-30	1.0E-10	1.0E+10	1E-30	1.0E-10	1.0E+10	1E-30	1.0E-10	1.0E+10	1E-30	1.0E-10	1.0E+10	1E-30	1.0E-10	1.0E+10	1E-30	1.0E-10	1.0E+10	1E-30	1.0E-10	1.0E+10	1E-30	1.0E-10	1.0E+10	1E-30	1.0E-10	1.0E+10	1E-30	1.0E-10	1.0E+10	1E-30	1.0E-10
74	0.00000000002	1.0E+10	1.0E+10	1E-30	3.88902155518539E-11	1.0E+10	1E-30	1.0E+10	2.78242927908496E-02	2.08433662136606E-11	1.02037884358065E-10	227.135688961703	6.4188158388976E-12	1.33930867663604E-10	346.63043071613	3.85602094654531E-12	1.29383783039116E-10	417.183368929836	8.23913551115313E-12	4.43176227896764E-11	300.814957470986	1.0E+10	1E-30	1.0E-10	1.0E+10	1E-30	1.0E-10	1.0E+10	1E-30	1.0E-10	1.0E+10	1E-30	1.0E-10	1.0E+10	1E-30	1.0E-10	1.0E+10	1E-30	1.0E-10	1.0E+10	1E-30	1.0E-10	1.0E+10	1E-30	1.0E-10	1.0E+10	1E-30	1.0E-10	1.0E+10	1E-30	1.0E-10	1.0E+10	1E-30	1.0E-10
75	0.00000000002	1.0E+10	1.0E+10	1E-30	3.88902155518539E-11	1.0E+10	1E-30	1.0E+10	2.78242927908496E-02	2.08433662136606E-11	1.02037884358065E-10	227.135688961703	6.4188158388976E-12	1.33930867663604E-10	346.63043071613	3.85602094654531E-12	1.29383783039116E-10	417.183368929836	8.23913551115313E-12	4.43176227896764E-11	300.814957470986	1.0E+10	1E-30	1.0E-10	1.0E+10	1E-30	1.0E-10	1.0E+10	1E-30	1.0E-10	1.0E+10	1E-30	1.0E-10	1.0E+10	1E-30	1.0E-10	1.0E+10	1E-30	1.0E-10	1.0E+10	1E-30	1.0E-10	1.0E+10	1E-30	1.0E-10	1.0E+10	1E-30	1.0E-10	1.0E+10	1E-30	1.0E-10	1.0E+10	1E-30	1.0E-10
76	0.000000000022	1.0E+10	1.0E+10	1E-30	0.0000000000002	1.0E+10	1E-30	1.0E+10	0.03	2.80140242657439E-11	8.06196413340912E-11	117.635040709079	6.48207713897194E-12	1.33767038013667E-10	483.175672140151	2.90928770173171E-12	1.56551979178154E-10	510.85383610094	3.57920580474906E-12	8.8035647432215E-11	345.379581501531	1.0E+10	1E-30	1.0E-10	1.0E+10	1E-30	1.0E-10	1.0E+10	1E-30	1.0E-10	1.0E+10	1E-30	1.0E-10	1.0E+10	1E-30	1.0E-10	1.0E+10	1E-30	1.0E-10	1.0E+10	1E-30	1.0E-10	1.0E+10	1E-30	1.0E-10	1.0E+10	1E-30	1.0E-10	1.0E+10	1E-30	1.0E-10	1.0E+10	1E-30	1.0E-10
77	0.000000000022	1.0E+10	1.0E+10	1E-30	0.0000000000002	1.0E+10	1E-30	1.0E+10	0.03	2.80140242657439E-11	8.06196413340912E-11	117.635040709079	6.48207713897194E-12	1.33767038013667E-10	483.175672140151	2.90928770173171E-12	1.56551979178154E-10	510.85383610094	3.57920580474906E-12	8.8035647432215E-11	345.379581501531	1.0E+10	1E-30	1.0E-10	1.0E+10	1E-30	1.0E-10	1.0E+10	1E-30	1.0E-10	1.0E+10	1E-30	1.0E-10	1.0E+10	1E-30	1.0E-10	1.0E+10	1E-30	1.0E-10	1.0E+10	1E-30	1.0E-10	1.0E+10	1E-30	1.0E-10	1.0E+10	1E-30	1.0E-10	1.0E+10	1E-30	1.0E-10	1.0E+10	1E-30	1.0E-10
78	0.000000000024	1.0E+10	1.0E+10	1E-30	7.04857749092672E-11	1.0E+10	1E-30	1.0E+10	3.02405991769761E-02	2.65043185505559E-11	9.35863139079385E-11	171.465294891477	7.37147981577562E-12	1.38587681164618E-10	358.653592640647	5.42268892944509E-12	1.16257118858777E-10	339.439426039017	2.93231513771162E-11	1.53771814803069E-11	34.8335669581652	4.04219478368863E-11	7.47070505714753E-12	34.148542858315	1.0E+10	1E-30	1.0E-10	1.0E+10	1E-30	1.0E-10	1.0E+10	1E-30	1.0E-10	1.0E+10	1E-30	1.0E-10	1.0E+10	1E-30	1.0E-10	1.0E+10	1E-30	1.0E-10	1.0E+10	1E-30	1.0E-10	1.0E+10	1E-30	1.0E-10	1.0E+10	1E-30	1.0E-10	1.0E+10	1E-30	1.0E-10
79	0.000000000024	1.0E+10	1.0E+10	1E-30	7.04857749092672E-11	1.0E+10	1E-30	1.0E+10	3.02405991769761E-02	2.65043185505559E-11	9.35863139079385E-11	171.465294891477	7.37147981577562E-12	1.38587681164618E-10	358.653592640647	5.42268892944509E-12	1.16257118858777E-10	339.439426039017	2.93231513771162E-11	1.53771814803069E-11	34.8335669581652	4.04219478368863E-11	7.47070505714753E-12	34.148542858315	1.0E+10	1E-30	1.0E-10	1.0E+10	1E-30	1.0E-10	1.0E+10	1E-30	1.0E-10	1.0E+10	1E-30	1.0E-10	1.0E+10	1E-30	1.0E-10	1.0E+10	1E-30	1.0E-10	1.0E+10	1E-30	1.0E-10	1.0E+10	1E-30	1.0E-10	1.0E+10	1E-30	1.0E-10	1.0E+10	1E-30	1.0E-10
80	0.000000000027	1.0E+10	1.0E+10	1E-30	9.7240038496171E-12	1.0E+10	1E-30	1.0E+10	0.029095828509722	3.71385083406954E-11	7.38596930219961E-11	133.421198164503	9.44798768610425E-12	1.0714815065734E-10	247.485843364093	3.72655859188644E-12	1.42072530511575E-10	419.751097572778	2.70851879447274E-12	1.39085131354342E-10	923.391117575838	1.0E+10	1E-30	1.0E-10	1.0E+10	1E-30	1.0E-10	1.0E+10	1E-30	1.0E-10	1.0E+10	1E-30	1.0E-10	1.0E+10	1E-30	1.0E-10	1.0E+10	1E-30	1.0E-10	1.0E+10	1E-30	1.0E-10	1.0E+10	1E-30	1.0E-10	1.0E+10	1E-30	1.0E-10	1.0E+10	1E-30	1.0E-10	1.0E+10	1E-30	1.0E-10
81	0.000000000027	1.0E+10	1.0E+10	1E-30	9.7240038496171E-12	1.0E+10	1E-30	1.0E+10	0.029095828509722	3.71385083406954E-11	7.38596930219961E-11	133.421198164503	9.44798768610425E-12	1.0714815065734E-10	247.485843364093	3.72655859188644E-12	1.42072530511575E-10	419.751097572778	2.70851879447274E-12	1.39085131354342E-10	923.391117575838	1.0E+10	1E-30	1.0E-10	1.0E+10	1E-30	1.0E-10	1.0E+10	1E-30	1.0E-10	1.0E+10	1E-30	1.0E-10	1.0E+10	1E-30	1.0E-10	1.0E+10	1E-30	1.0E-10	1.0E+10	1E-30	1.0E-10	1.0E+10	1E-30	1.0E-10	1.0E+10	1E-30	1.0E-10	1.0E+10	1E-30	1.0E-10	1.0E+10	1E-30	1.0E-10
82	0.00000000003	1.0E+10	1.0E+10	1E-30	5.48959229291534E-11	1.0E+10	1E-30	1.0E+10	2.89990067434366E-02	3.16789791138948E-11	9.59187628891506E-11	138.241585960917	9.54646720424649E-12	1.23253686116631E-10	277.744191873795	4.90998593579991E-12	1.38612923295064E-10	372.47520470056	1.56515136020283E-11	3.24496651912011E-11	96.1672810915508	5.98347405418656E-11	6.20721111053013E-12	21.3192280469589	1.0E+10	1E-30	1.0E-10	1.0E+10	1E-30	1.0E-10	1.0E+10	1E-30	1.0E-10	1.0E+10	1E-30	1.0E-10	1.0E+10	1E-30	1.0E-10	1.0E+10	1E-30	1.0E-10	1.0E+10	1E-30	1.0E-10	1.0E+10	1E-30	1.0E-10	1.0E+10	1E-30	1.0E-10	1.0E+10	1E-30	1.0E-10
83	0.00000000003	1.0E+10	1.0E+10	1E-30	5.48959229291534E-11	1.0E+10	1E-30	1.0E+10	2.89990067434366E-02	3.16789791138948E-11	9.59187628891506E-11	138.241585960917	9.54646720424649E-12	1.23253686116631E-10	277.744191873795	4.90998593579991E-12	1.38612923295064E-10	372.47520470056	1.56515136020283E-11	3.24496651912011E-11	96.1672810915508	5.98347405418656E-11	6.20721111053013E-12	21.3192280469589	1.0E+10	1E-30	1.0E-10	1.0E+10	1E-30	1.0E-10	1.0E+10	1E-30	1.0E-10	1.0E+10	1E-30	1.0E-10	1.0E+10	1E-30	1.0E-10	1.0E+10	1E-30	1.0E-10	1.0E+10	1E-30	1.0E-10	1.0E+10	1E-30	1.0E-10	1.0E+10	1E-30	1.0E-10	1.0E+10	1E-30	1.0E-10
84	0.000000000033	1.0E+10	1.0E+10	1E-30	0.00000000008	1.0E+10	1E-30	1.0E+10	2.99077308888109E-02	4.71725014586503E-11	6.94839090729033E-11	84.3473094337623	1.32935569525608E-11	8.88904929024226E-11	199.538949156413	4.3326764639544E-12	1.403211194597E-10	333.942109699253	7.08864417320522E-12	6.41258661615817E-11	249.467770333437	1.41883082688857E-11	2.20651785615432E-11	18.6955508337939	1.0E+10	1E-30	1.0E-10	1.0E+10	1E-30	1.0E-10	1.0E+10	1E-30	1.0E-10	1.0E+10	1E-30	1.0E-10	1.0E+10	1E-30	1.0E-10	1.0E+10	1E-30	1.0E-10	1.0E+10	1E-30	1.0E-10	1.0E+10	1E-30	1.0E-10	1.0E+10	1E-30	1.0E-10	1.0E+10	1E-30	1.0E-10
85	0.000000000033	1.0E+10	1.0E+10	1E-30	0.00000000008	1.0E+10	1E-30	1.0E+10	2.99077308888109E-02	4.71725014586503E-11	6.94839090729033E-11	84.3473094337623	1.32935569525608E-11	8.88904929024226E-11	199.538949156413	4.3326764639544E-12	1.403211194597E-10	333.942109699253	7.08864417320522E-12	6.41258661615817E-11	249.467770333437	1.41883082688857E-11	2.20651785615432E-11	18.6955508337939	1.0E+10	1E-30	1.0E-10	1.0E+10	1E-30	1.0E-10	1.0E+10	1E-30	1.0E-10	1.0E+10	1E-30	1.0E-10	1.0E+10	1E-30	1.0E-10	1.0E+10	1E-30	1.0E-10	1.0E+10	1E-30	1.0E-10	1.0E+10	1E-30	1.0E-10	1.0E+10	1E-30	1.0E-10	1.0E+10	1E-30	1.0E-10
86	0.000000000036	1.0E+10	1.0E+10	1E-30	4.12669094829299E-11	1.0E+10	1E-30	1.0E+10	3.00942244635997E-02	3.86014864383282E-11	9.54419617363491E-11	109.082228263371	1.28091440699623E-11	1.06705697948923E-10	193.322342841272	5.18953129362994E-12	1.41849318925993E-10	363.107212472825	9.41305203247965E-12	5.92051661217981E-11	171.942029954514	4.3274850670009E-11	8.91885796318419E-12	28.4189441103868	1.0E+10	1E-30	1.0E-10	1.0E+10	1E-30	1.0E-10	1.0E+10	1E-30	1.0E-10	1.0E+10	1E-30	1.0E-10	1.0E+10	1E-30	1.0E-10	1.0E+10	1E-30	1.0E-10	1.0E+10	1E-30	1.0E-10	1.0E+10	1E-30	1.0E-10	1.0E+10	1E-30	1.0E-10	1.0E+10	1E-30	1.0E-10
87	0.000000000036	1.0E+10	1.0E+10	1E-30	4.12669094829299E-11	1.0E+10	1E-30	1.0E+10	3.00942244635997E-02	3.86014864383282E-11	9.54419617363491E-11	109.082228263371	1.28091440699623E-11	1.06705697948923E-10	193.322342841272	5.18953129362994E-12	1.41849318925993E-10	363.107212472825	9.41305203247965E-12	5.92051661217981E-11	171.942029954514	4.3274850670009E-11	8.91885796318419E-12	28.4189441103868	1.0E+10	1E-30	1.0E-10	1.0E+10	1E-30	1.0E-10	1.0E+10	1E-30	1.0E-10	1.0E+10	1E-30	1.0E-10	1.0E+10	1E-30	1.0E-10	1.0E+10	1E-30	1.0E-10	1.0E+10	1E-30	1.0E-10	1.0E+10	1E-30	1.0E-10	1.0E+10	1E-30	1.0E-10	1.0E+10	1E-30	1.0E-10
88	0.000000000039	1.0E+10	1.0E+10	1E-30	0.000000000005	1.0E+10	1E-30	1.0E+10	0.025	4.15740297164264E-11	9.68643519614196E-11	127.751478093898	1.7635096445774E-11	8.32096732252873E-11	135.960288739096	1.34086876464733E-11	5.57545843205074E-11	121.396592496196	4.96935588011268E-12	1.05951510820243E-10	264.827475734005	4.35178713346639E-12	9.13973377862381E-11	211.908641938998	8.81160035289431E-12	3.85100044429797E-11	207.621822926281	1.0E+10	1E-30	1.0E-10	1.0E+10	1E-30	1.0E-10	1.0E+10	1E-30	1.0E-10	1.0E+10	1E-30	1.0E-10	1.0E+10	1E-30	1.0E-10	1.0E+10	1E-30	1.0E-10	1.0E+10	1E-30	1.0E-10	1.0E+10	1E-30	1.0E-10	1.0E+10	1E-30	1.0E-10
89	0.000000000039	1.0E+10	1.0E+10	1E-30	0.000000000005	1.0E+10	1E-30	1.0E+10	0.025	4.15740297164264E-11	9.68643519614196E-11	127.751478093898	1.7635096445774E-11	8.32096732252873E-11	135.960288739096	1.34086876464733E-11	5.57545843205074E-11	121.396592496196	4.96935588011268E-12	1.05951510820243E-10	264.827475734005	4.35178713346639E-12	9.13973377862381E-11	211.908641938998	8.81160035289431E-12	3.85100044429797E-11	207.621822926281	1.0E+10	1E-30	1.0E-10	1.0E+10	1E-30	1.0E-10	1.0E+10	1E-30	1.0E-10	1.0E+10	1E-30	1.0E-10	1.0E+10	1E-30	1.0E-10	1.0E+10	1E-30	1.0E-10	1.0E+10	1E-30	1.0E-10	1.0E+10	1E-30	1.0E-10	1.0E+10	1E-30	1.0E-10
90	0.000000000043	1.0E+10	1.0E+10	1E-30	5.27766475242914E-11	1.0E+10	1E-30	1.0E+10	2.68827456521537E-02	5.05229374970373E-11	8.63009578634225E-11	127.463081288494	1.86302842968048E-11	8.30869509569081E-11	174.949145799895	6.85612306169211E-12	1.14926775377618E-10	297.359051353989	6.07682183280318E-12	9.86449226429594E-11	314.293264932623	2.91430718552241E-11	1.44306996075453E-11	46.8666423272477	1.0E+10	1E-30	1.0E-10	1.0E+10	1E-30	1.0E-10	1.0E+10	1E-30	1.0E-10	1.0E+10	1E-30	1.0E-10	1.0E+10	1E-30	1.0E-10	1.0E+10	1E-30	1.0E-10	1.0E+10	1E-30	1.0E-10	1.0E+10	1E-30	1.0E-10	1.0E+10	1E-30	1.0E-10	1.0E+10	1E-30	1.0E-10
91	0.000000000043	1.0E+10	1.0E+10	1E-30	5.27766475242914E-11	1.0E+10	1E-30	1.0E+10	2.68827456521537E-02	5.05229374970373E-11	8.63009578634225E-11	127.463081288494	1.86302842968048E-11	8.30869509569081E-11	174.949145799895	6.85612306169211E-12	1.14926775377618E-10	297.359051353989	6.07682183280318E-12	9.86449226429594E-11	314.293264932623	2.91430718552241E-11	1.44306996075453E-11	46.8666423272477	1.0E+10	1E-30	1.0E-10	1.0E+10	1E-30	1.0E-10	1.0E+10	1E-30	1.0E-10	1.0E+10	1E-30	1.0E-10	1.0E+10	1E-30	1.0E-10	1.0E+10	1E-30	1.0E-10	1.0E+10	1E-30	1.0E-10	1.0E+10	1E-30	1.0E-10	1.0E+10	1E-30	1.0E-10	1.0E+10	1E-30	1.0E-10
92	0.000000000047	1.0E+10	1.0E+10	1E-30	0.000000000001	1.0E+10	1E-30	1.0E+10	0.025	6.74371383081445E-11	6.76894528442443E-11	131.167838436658	2.13811989308795E-11	7.53319360407449E-11	170.92450230599	1.23512807365634E-11	6.07800229662982E-11	138.116574531895	3.03514912464061E-12	1.60891406784607E-10	382.107184608404	2.0626191712986E-12	1.54294619252949E-10	123.706683823126	1.0E+10	1E-30	1.0E-10	1.0E+10	1E-30	1.0E-10	1.0E+10	1E-30	1.0E-10	1.0E+10	1E-30	1.0E-10	1.0E+10	1E-30	1.0E-10	1.0E+10	1E-30	1.0E-10	1.0E+10	1E-30	1.0E-10	1.0E+10	1E-30	1.0E-10	1.0E+10	1E-30	1.0E-10	1.0E+10	1E-30	1.0E-10
93	0.000000000047	1.0E+10	1.0E+10	1E-30	0.000000000001	1.0E+10	1E-30	1.0E+10	0.025	6.74371383081445E-11	6.76894528442443E-11	131.167838436658	2.13811989308795E-11	7.53319360407449E-11	170.92450230599	1.23512807365634E-11	6.07800229662982E-11	138.116574531895	3.03514912464061E-12	1.60891406784607E-10	382.107184608404	2.0626191712986E-12	1.54294619252949E-10	123.706683823126	1.0E+10	1E-30	1.0E-10	1.0E+10	1E-30	1.0E-10	1.0E+10	1E-30	1.0E-10	1.0E+10	1E-30	1.0E-10	1.0E+10	1E-30	1.0E-10	1.0E+10	1E-30	1.0E-10	1.0E+10	1E-30	1.0E-10	1.0E+10	1E-30	1.0E-10	1.0E+10	1E-30	1.0E-10	1.0E+10	1E-30	1.0E-10
94	0.000000000051	1.0E+10	1.0E+10	1E-30	3.95823746941081E-11	1.0E+10	1E-30	1.0E+10	2.92856740537266E-02	5.81675977709664E-11	8.75040254489258E-11	105.724449549117	2.26960692909066E-11	7.76623064180199E-11	134.426513163837	9.18077812379983E-12	9.44041934467978E-11	211.714695570823	4.8265902107763E-12	1.34310464516397E-10	375.954734475994	2.14951964901684E-11	2.13878635053149E-11	58.2484343978463	3.89456829560898E-10	8.74275134082196E-13	1.02812288735752	1.0E+10	1E-30	1.0E-10	1.0E+10	1E-30	1.0E-10	1.0E+10	1E-30	1.0E-10	1.0E+10	1E-30	1.0E-10	1.0E+10	1E-30	1.0E-10	1.0E+10	1E-30	1.0E-10	1.0E+10	1E-30	1.0E-10	1.0E+10	1E-30	1.0E-10	1.0E+10	1E-30	1.0E-10
95	0.000000000051	1.0E+10	1.0E+10	1E-30	3.95823746941081E-11	1.0E+10	1E-30	1.0E+10	2.92856740537266E-02	5.81675977709664E-11	8.75040254489258E-11	105.724449549117	2.26960692909066E-11	7.76623064180199E-11	134.426513163837	9.18077812379983E-12	9.44041934467978E-11	211.714695570823	4.8265902107763E-12	1.34310464516397E-10	375.954734475994	2.14951964901684E-11	2.13878635053149E-11	58.2484343978463	3.89456829560898E-10	8.74275134082196E-13	1.02812288735752	1.0E+10	1E-30	1.0E-10	1.0E+10	1E-30	1.0E-10	1.0E+10	1E-30	1.0E-10	1.0E+10	1E-30	1.0E-10	1.0E+10	1E-30	1.0E-10	1.0E+10	1E-30	1.0E-10	1.0E+10	1E-30	1.0E-10	1.0E+10	1E-30	1.0E-10	1.0E+10	1E-30	1.0E-10
96	0.000000000056	1.0E+10	1.0E+10	1E-30	5.58087674852737E-11	1.0E+10	1E-30	1.0E+10	2.75195752513193E-02	8.31405147287467E-11	6.56922869611729E-11	67.0438536116049	3.31827661564122E-11	5.94309593559462E-11	98.3684616712934	2.2186596105413E-11	4.31380195376024E-11	58.2287958600379	6.53420175017396E-12	1.01420258225015E-10	239.934401449867	5.02422224889339E-12	1.01787462718473E-10	237.950954504076	1.48944940229262E-11	2.8239926633623E-11	59.0346215726203	2.16773118475007E-11	1.59620152554485E-11	41.8926118243651	1.0E+10	1E-30	1.0E-10	1.0E+10	1E-30	1.0E-10	1.0E+10	1E-30	1.0E-10	1.0E+10	1E-30	1.0E-10	1.0E+10	1E-30	1.0E-10	1.0E+10	1E-30	1.0E-10	1.0E+10	1E-30	1.0E-10	1.0E+10	1E-30	1.0E-10
97	0.000000000056	1.0E+10	1.0E+10	1E-30	5.58087674852737E-11	1.0E+10	1E-30	1.0E+10	2.75195752513193E-02	8.31405147287467E-11	6.56922869611729E-11	67.0438536116049	3.31827661564122E-11	5.94309593559462E-11	98.3684616712934	2.2186596105413E-11	4.31380195376024E-11	58.2287958600379	6.53420175017396E-12	1.01420258225015E-10	239.934401449867	5.02422224889339E-12	1.01787462718473E-10	237.950954504076	1.48944940229262E-11	2.8239926633623E-11	59.0346215726203	2.16773118475007E-11	1.59620152554485E-11	41.8926118243651	1.0E+10	1E-30	1.0E-10	1.0E+10	1E-30	1.0E-10	1.0E+10	1E-30	1.0E-10	1.0E+10	1E-30	1.0E-10	1.0E+10	1E-30	1.0E-10	1.0E+10	1E-30	1.0E-10	1.0E+10	1E-30	1.0E-10	1.0E+10	1E-30	1.0E-10
98	0.000000000062	1.0E+10	1.0E+10	1E-30	3.53968933244117E-11	1.0E+10	1E-30	1.0E+10	2.69131531907644E-02	7.63154997675339E-11	7.91395697166047E-11	83.9318046762337	3.03595380373926E-11	6.87031286223371E-11	104.041656689678	1.53375679704304E-11	6.46500819993889E-11	123.020038087467	4.28173325442773E-12	1.65226216294671E-10	377.806819399567	1.28105215756942E-11	4.0713989193547E-11	94.9955719901783	9.17896629730465E-11	4.0816227349625E-12	8.7122931849465	1.0E+10	1E-30	1.0E-10	1.0E+10	1E-30	1.0E-10	1.0E+10	1E-30	1.0E-10	1.0E+10	1E-30	1.0E-10	1.0E+10	1E-30	1.0E-10	1.0E+10	1E-30	1.0E-10	1.0E+10	1E-30	1.0E-10	1.0E+10	1E-30	1.0E-10	1.0E+10	1E-30	1.0E-10
99	0.000000000062	1.0E+10	1.0E+10	1E-30	3.53968933244117E-11	1.0E+10	1E-30	1.0E+10	2.69131531907644E-02	7.63154997675339E-11	7.91395697166047E-11	83.9318046762337	3.03595380373926E-11	6.87031286223371E-11	104.041656689678	1.53375679704304E-11	6.46500819993889E-11	123.020038087467	4.28173325442773E-12	1.65226216294671E-10	377.806819399567	1.28105215756942E-11	4.0713989193547E-11	94.9955719901783	9.17896629730465E-11	4.0816227349625E-12	8.7122931849465	1.0E+10	1E-30	1.0E-10	1.0E+10	1E-30	1.0E-10	1.0E+10	1E-30	1.0E-10	1.0E+10	1E-30	1.0E-10	1.0E+10	1E-30	1.0E-10	1.0E+10	1E-30	1.0E-10	1.0E+10	1E-30	1.0E-10	1.0E+10	1E-30	1.0E-10	1.0E+10	1E-30	1.0E-10
100	0.000000000068	1.0E+10	1.0E+10	1E-30	1.4243155356131E-11	1.0E+10	1E-30	1.0E+10	2.48061393660078E-02	9.10855747771893E-11	7.29014498504829E-11	67.3365418113081	3.84165216352162E-11	6.0157032309109E-11	69.3826950704897	3.23550687058272E-11	3.44603834731152E-11	56.0432353220905	8.6031654737401E-12	8.54113563685704E-11	175.738298957318	4.49955354021627E-12	1.21570104519942E-10	305.516567435033	8.72270814459447E-12	5.29342971159848E-11	141.823052089478	1.66686191682103E-11	2.3005218743889E-11	50.4335637758006	1.32058469806825E-11	2.72656011598545E-11	254.075169400732	1.0E+10	1E-30	1.0E-10	1.0E+10	1E-30	1.0E-10	1.0E+10	1E-30	1.0E-10	1.0E+10	1E-30	1.0E-10	1.0E+10	1E-30	1.0E-10	1.0E+10	1E-30	1.0E-10	1.0E+10	1E-30	1.0E-10
101	0.000000000068	1.0E+10	1.0E+10	1E-30	1.4243155356131E-11	1.0E+10	1E-30	1.0E+10	2.48061393660078E-02	9.10855747771893E-11	7.29014498504829E-11	67.3365418113081	3.84165216352162E-11	6.0157032309109E-11	69.3826950704897	3.23550687058272E-11	3.44603834731152E-11	56.0432353220905	8.6031654737401E-12	8.54113563685704E-11	175.738298957318	4.49955354021627E-12	1.21570104519942E-10	305.516567435033	8.72270814459447E-12	5.29342971159848E-11	141.823052089478	1.66686191682103E-11	2.3005218743889E-11	50.4335637758006	1.32058469806825E-11	2.72656011598545E-11	254.075169400732	1.0E+10	1E-30	1.0E-10	1.0E+10	1E-30	1.0E-10	1.0E+10	1E-30	1.0E-10	1.0E+10	1E-30	1.0E-10	1.0E+10	1E-30	1.0E-10	1.0E+10	1E-30	1.0E-10	1.0E+10	1E-30	1.0E-10
102	0.000000000075	1.0E+10	1.0E+10	1E-30	6.87928051869154E-11	1.0E+10	1E-30	1.0E+10	2.73782510384413E-02	9.72088728582303E-11	7.63750524460471E-11	54.4949811096835	4.67543596378332E-11	5.5633341808303E-11	57.5617894690155	4.60324467821327E-11	2.72763224686239E-11	40.3778512029317	1.21454810128349E-11	6.70546366003757E-11	116.944625848283	4.84825912074391E-12	1.2548189575739E-10	288.180710188843	1.24981147493945E-11	4.09607928705659E-11	90.3668645411154	4.93561821280866E-11	8.20266880356639E-12	16.6477745276715	1.0E+10	1E-30	1.0E-10	1.0E+10	1E-30	1.0E-10	1.0E+10	1E-30	1.0E-10	1.0E+10	1E-30	1.0E-10	1.0E+10	1E-30	1.0E-10	1.0E+10	1E-30	1.0E-10	1.0E+10	1E-30	1.0E-10	1.0E+10	1E-30	1.0E-10
103	0.000000000075	1.0E+10	1.0E+10	1E-30	6.87928051869154E-11	1.0E+10	1E-30	1.0E+10	2.73782510384413E-02	9.72088728582303E-11	7.63750524460471E-11	54.4949811096835	4.67543596378332E-11	5.5633341808303E-11	57.5617894690155	4.60324467821327E-11	2.72763224686239E-11	40.3778512029317	1.21454810128349E-11	6.70546366003757E-11	116.944625848283	4.84825912074391E-12	1.2548189575739E-10	288.180710188843	1.24981147493945E-11	4.09607928705659E-11	90.3668645411154	4.93561821280866E-11	8.20266880356639E-12	16.6477745276715	1.0E+10	1E-30	1.0E-10	1.0E+10	1E-30	1.0E-10	1.0E+10	1E-30	1.0E-10	1.0E+10	1E-30	1.0E-10	1.0E+10	1E-30	1.0E-10	1.0E+10	1E-30	1.0E-10	1.0E+10	1E-30	1.0E-10	1.0E+10	1E-30	1.0E-10
104	0.000000000082	1.0E+10	1.0E+10	1E-30	0.000000000001	1.0E+10	1E-30	1.0E+10	2.13816654799104E-02	1.33575568520756E-10	5.96513612297206E-11	46.2447009843268	4.78796353241654E-11	5.76958083019073E-11	55.3961705117853	4.61500431016414E-11	2.81416429302864E-11	38.4360354307412	1.30942683621138E-11	6.21773709518047E-11	104.217748459567	4.70322607869601E-12	1.2030536417185E-10	284.398001162724	3.99288196127512E-12	1.18620502610333E-10	314.938695890617	9.66250565414451E-12	3.84876482405942E-11	161.684189704292	1.0E+10	1E-30	1.0E-10	1.0E+10	1E-30	1.0E-10	1.0E+10	1E-30	1.0E-10	1.0E+10	1E-30	1.0E-10	1.0E+10	1E-30	1.0E-10	1.0E+10	1E-30	1.0E-10	1.0E+10	1E-30	1.0E-10	1.0E+10	1E-30	1.0E-10
105	0.000000000082	1.0E+10	1.0E+10	1E-30	0.000000000001	1.0E+10	1E-30	1.0E+10	2.13816654799104E-02	1.33575568520756E-10	5.96513612297206E-11	46.2447009843268	4.78796353241654E-11	5.76958083019073E-11	55.3961705117853	4.61500431016414E-11	2.81416429302864E-11	38.4360354307412	1.30942683621138E-11	6.21773709518047E-11	104.217748459567	4.70322607869601E-12	1.2030536417185E-10	284.398001162724	3.99288196127512E-12	1.18620502610333E-10	314.938695890617	9.66250565414451E-12	3.84876482405942E-11	161.684189704292	1.0E+10	1E-30	1.0E-10	1.0E+10	1E-30	1.0E-10	1.0E+10	1E-30	1.0E-10	1.0E+10	1E-30	1.0E-10	1.0E+10	1E-30	1.0E-10	1.0E+10	1E-30	1.0E-10	1.0E+10	1E-30	1.0E-10	1.0E+10	1E-30	1.0E-10
106	0.000000000091	1.0E+10	1.0E+10	1E-30	6.90753143862133E-11	1.0E+10	1E-30	1.0E+10	2.62273334395165E-02	1.23367247129246E-10	7.29164488706254E-11	55.7952637006498	6.00752051457957E-11	5.2033777374766E-11	57.0696574628263	5.98820434246122E-11	2.49243194893106E-11	37.9591282006422	1.57741651296688E-11	6.03820996800551E-11	102.594800916694	5.11508768491464E-12	1.35695097957995E-10	302.450298086938	1.00255209059467E-11	5.90079903819868E-11	124.955130553268	4.37867810669147E-11	1.06641660417657E-11	22.301529484343	2.55810751692579E-10	1.51676540796863E-12	3.55288092130684	2.49762975412689E-10	1.3248156074617E-12	0.472477524148224	1.0E+10	1E-30	1.0E-10	1.0E+10	1E-30	1.0E-10	1.0E+10	1E-30	1.0E-10	1.0E+10	1E-30	1.0E-10	1.0E+10	1E-30	1.0E-10	1.0E+10	1E-30	1.0E-10
107	0.000000000091	1.0E+10	1.0E+10	1E-30	6.90753143862133E-11	1.0E+10	1E-30	1.0E+10	2.62273334395165E-02	1.23367247129246E-10	7.29164488706254E-11	55.7952637006498	6.00752051457957E-11	5.2033777374766E-11	57.0696574628263	5.98820434246122E-11	2.49243194893106E-11	37.9591282006422	1.57741651296688E-11	6.03820996800551E-11	102.594800916694	5.11508768491464E-12	1.35695097957995E-10	302.450298086938	1.00255209059467E-11	5.90079903819868E-11	124.955130553268	4.37867810669147E-11	1.06641660417657E-11	22.301529484343	2.55810751692579E-10	1.51676540796863E-12	3.55288092130684	2.49762975412689E-10	1.3248156074617E-12	0.472477524148224	1.0E+10	1E-30	1.0E-10	1.0E+10	1E-30	1.0E-10	1.0E+10	1E-30	1.0E-10	1.0E+10	1E-30	1.0E-10	1.0E+10	1E-30	1.0E-10	1.0E+10	1E-30	1.0E-10
108	1.0E-10	1.0E+10	1.0E+10	1E-30	1.63049146261491E-10	1.0E+10	1E-30	1.0E+10	2.33665706468789E-02	1.39173151486297E-10	7.09984861750573E-11	64.8815628950499	7.42179057566714E-11	4.5100855370543E-11	56.1543287817707	9.92744720289247E-11	1.56506950028028E-11	23.9718717618811	4.20669035818986E-11	2.21726000847979E-11	36.6438388989613	2.86770863483358E-11	2.1364527088513E-11	39.421455846934	6.72872511437187E-12	6.88547389906286E-11	111.495303053401	4.90812672810453E-12	7.6509479093632E-11	94.4410323962856	1.0E+10	1E-30	1.0E-10	1.0E+10	1E-30	1.0E-10	1.0E+10	1E-30	1.0E-10	1.0E+10	1E-30	1.0E-10	1.0E+10	1E-30	1.0E-10	1.0E+10	1E-30	1.0E-10	1.0E+10	1E-30	1.0E-10	1.0E+10	1E-30	1.0E-10
109	1.0E-10	1.0E+10	1.0E+10	1E-30	1.63049146261491E-10	1.0E+10	1E-30	1.0E+10	2.33665706468789E-02	1.39173151486297E-10	7.09984861750573E-11	64.8815628950499	7.42179057566714E-11	4.5100855370543E-11	56.1543287817707	9.92744720289247E-11	1.56506950028028E-11	23.9718717618811	4.20669035818986E-11	2.21726000847979E-11	36.6438388989613	2.86770863483358E-11	2.1364527088513E-11	39.421455846934	6.72872511437187E-12	6.88547389906286E-11	111.495303053401	4.90812672810453E-12	7.6509479093632E-11	94.4410323962856	1.0E+10	1E-30	1.0E-10	1.0E+10	1E-30	1.0E-10	1.0E+10	1E-30	1.0E-10	1.0E+10	1E-30	1.0E-10	1.0E+10	1E-30	1.0E-10	1.0E+10	1E-30	1.0E-10	1.0E+10	1E-30	1.0E-10	1.0E+10	1E-30	1.0E-10
END DSCRDATA
