BEGIN DSCRDATA
% INDEX	K01	L01	M01	K02	L02	M02	K03	L03	M03	K04	L04	M04	K05	L05	M05	K06	L06	M06	K07	L07	M07	K08	L08	M08	K09	L09	M09	K10	L10	M10	K11	L11	M11	K12	L12	M12	K13	L13	M13	K14	L14	M14	K15	L15	M15	K16	L16	M16	K17	L17	M17	K18	L18	M18
0	2.17703377294891E-08	1.0E+10	4545454545.45455	1E-30	5.36478276684513E-12	1.0E+10	1E-30	1.0E+10	2.02680955943814E-02	3.96178495513477E-06	1.0E+10	0.396235941943479	5.85912275709985E-06	1.0E+10	3.72502798615685E-02	2.00095453773469E-05	1.0E+10	3.20658334143077E-03	1E-30	9.75689712826499E-11	0.138683925481707	7.33635748030971E-08	3.09145901006588E-11	0.103608585729305	1.99978373881367E-08	3.74472782736732E-11	9.61280180057739E-02	8.90172227913773E-12	2.40407910652102E-10	38.4465814951651	2.46739076194383E-12	2.59563803849797E-10	33.3865734536044	5.75814352347011E-12	5.8820456144217E-11	10.1348868637175	1.0E+10	1E-30	1.0E-10	1.0E+10	1E-30	1.0E-10	1.0E+10	1E-30	1.0E-10	1.0E+10	1E-30	1.0E-10	1.0E+10	1E-30	1.0E-10	1.0E+10	1E-30	1.0E-10
1	3.20891978166939E-08	1.0E+10	3030303030.30303	1E-30	2.47949409143677E-11	1.0E+10	1E-30	1.0E+10	1.46852470379334E-02	6.02161259001651E-06	1.0E+10	0.23662484322405	8.69993082309634E-06	1.0E+10	2.53689947085734E-02	1E-30	1.35307421092397E-10	0.126967352820406	9.59813999598676E-08	4.72810867553038E-11	0.141892087083206	3.74390662289813E-08	4.24106105215336E-11	0.111207827930864	7.27127713481575E-12	2.77723015550002E-10	42.8691814853192	3.41263558133015E-12	2.10935770267513E-10	34.5539531482212	6.15388576078039E-12	4.74368868587083E-11	11.9183838889503	1.0E+10	1E-30	1.0E-10	1.0E+10	1E-30	1.0E-10	1.0E+10	1E-30	1.0E-10	1.0E+10	1E-30	1.0E-10	1.0E+10	1E-30	1.0E-10	1.0E+10	1E-30	1.0E-10	1.0E+10	1E-30	1.0E-10
2	4.60505699455285E-08	1.0E+10	2127659574.46808	1E-30	1.27478546899213E-12	1.0E+10	1E-30	1.0E+10	1.12177300164274E-02	8.45952101959052E-06	1.0E+10	0.181885205220296	1.33246743282574E-05	1.0E+10	1.26941446750217E-02	1E-30	1.51477046610125E-10	0.175819908764339	8.37636773224254E-08	9.27989396294375E-11	0.209463227219756	5.28780118066521E-08	5.58609771781434E-11	0.13385213652066	4.66580527497762E-12	2.1944138129822E-10	46.4282487038963	2.32185139768461E-12	1.89609870057649E-10	45.1718236099131	1.0E+10	1E-30	1.0E-10	1.0E+10	1E-30	1.0E-10	1.0E+10	1E-30	1.0E-10	1.0E+10	1E-30	1.0E-10	1.0E+10	1E-30	1.0E-10	1.0E+10	1E-30	1.0E-10	1.0E+10	1E-30	1.0E-10	1.0E+10	1E-30	1.0E-10
3	6.59915614897803E-08	1.0E+10	1470588235.29412	1E-30	7.99448343936023E-11	1.0E+10	1E-30	1.0E+10	1.02153762638606E-02	8.67921424121478E-06	1.0E+10	0.452160626050537	1.68617639995267E-05	1.0E+10	1.60540044262517E-02	1E-30	1.13254188006426E-10	9.67036257820504E-02	1.67104660498249E-07	5.56722881013558E-11	9.85228999748761E-02	7.68674509618327E-08	4.39893442328537E-11	8.90406988548826E-02	7.92028255122484E-12	2.82592351956467E-10	48.757687619208	4.56920573004951E-12	1.7392182723923E-10	22.0136577003253	3.7219797476757E-12	7.08372925546125E-11	14.2872586813921	1.0E+10	1E-30	1.0E-10	1.0E+10	1E-30	1.0E-10	1.0E+10	1E-30	1.0E-10	1.0E+10	1E-30	1.0E-10	1.0E+10	1E-30	1.0E-10	1.0E+10	1E-30	1.0E-10	1.0E+10	1E-30	1.0E-10
4	9.9067843776582E-08	1.0E+10	1000000000	1E-30	1.77803614635114E-12	1.0E+10	1E-30	1.0E+10	0.007642067517001	2.18472396093059E-05	1.0E+10	0.11545787493695	2.57961841896565E-05	1.0E+10	1.52887844497337E-02	1E-30	1.63737811103396E-10	0.114609432824901	1.52799454812134E-07	1.12709219931088E-10	0.138070125409077	1.40331003690808E-07	4.88262911699683E-11	0.104028712863386	6.33774507549067E-12	2.03378024024733E-10	34.7721709738951	2.08831817868042E-12	2.13537493454818E-10	57.6560339835746	1.0E+10	1E-30	1.0E-10	1.0E+10	1E-30	1.0E-10	1.0E+10	1E-30	1.0E-10	1.0E+10	1E-30	1.0E-10	1.0E+10	1E-30	1.0E-10	1.0E+10	1E-30	1.0E-10	1.0E+10	1E-30	1.0E-10	1.0E+10	1E-30	1.0E-10
5	9.82592022547151E-08	1.0E+10	1000000000	1E-30	7.37904059669795E-12	1.0E+10	1E-30	1.0E+10	8.68081871193465E-03	1.7020233332145E-05	1.0E+10	0.22742289719114	2.54622902260696E-05	1.0E+10	1.84468691681733E-02	1E-30	1.17260445581444E-10	8.45470461151124E-02	2.15602899330514E-07	6.01759537064218E-11	8.00333581660009E-02	1.16641995220768E-07	3.91249455563531E-11	0.070758174892266	7.32922622892343E-12	2.41834551022796E-10	42.598783315929	2.43082927964579E-12	2.49610841100303E-10	40.5123772868491	1.0E+10	1E-30	1.0E-10	1.0E+10	1E-30	1.0E-10	1.0E+10	1E-30	1.0E-10	1.0E+10	1E-30	1.0E-10	1.0E+10	1E-30	1.0E-10	1.0E+10	1E-30	1.0E-10	1.0E+10	1E-30	1.0E-10	1.0E+10	1E-30	1.0E-10
6	1.47621399174826E-07	1.0E+10	666666666.666667	1E-30	1.90000959099321E-12	1.0E+10	1E-30	1.0E+10	6.6778592996649E-03	3.20968994835292E-05	1.0E+10	6.00287477877158E-02	6.24732974242668E-05	1.0E+10	6.48095835583278E-03	1E-30	1.45823593999652E-10	8.16158854278144E-02	4.080643657818E-07	6.16503715981418E-11	0.094173367735915	1.84350647940509E-07	5.30166600369379E-11	7.46804861210237E-02	7.61287634791362E-12	2.24573372643847E-10	42.0807466404379	2.32403993154098E-12	2.76140953729325E-10	48.3776392873302	1.0E+10	1E-30	1.0E-10	1.0E+10	1E-30	1.0E-10	1.0E+10	1E-30	1.0E-10	1.0E+10	1E-30	1.0E-10	1.0E+10	1E-30	1.0E-10	1.0E+10	1E-30	1.0E-10	1.0E+10	1E-30	1.0E-10	1.0E+10	1E-30	1.0E-10
END DSCRDATA
