BEGIN DSCRDATA
% INDEX	K01	L01	M01	K02	L02	M02	K03	L03	M03	K04	L04	M04	K05	L05	M05	K06	L06	M06	K07	L07	M07	K08	L08	M08	K09	L09	M09	K10	L10	M10	K11	L11	M11	K12	L12	M12	K13	L13	M13	K14	L14	M14	K15	L15	M15	K16	L16	M16	K17	L17	M17	K18	L18	M18
0	1.03826168168135E-09	1.0E+10	1000000000	1E-30	4.61755137424395E-11	1.0E+10	1E-30	1.0E+10	0.126715090905142	1.48372564052534E-08	1.0E+10	162.355322157587	1.09122020231549E-07	1.0E+10	1.55005692995357	9.35421026974025E-08	1.0E+10	0.51567560365261	6.92793177829643E-08	1.0E+10	0.237258070885447	5.17265576117771E-09	1.0E+10	0.201423719513531	2.44355623369855E-08	1.0E+10	0.118497045964907	2.18202515768968E-09	2.83974911850965E-11	0.280332838172252	1.05954092231579E-11	3.43126234529056E-10	19.7220045911632	1.6127115310792E-12	5.74884048578551E-10	16.6295921960472	1.0E+10	1E-30	1.0E-10	1.0E+10	1E-30	1.0E-10	1.0E+10	1E-30	1.0E-10	1.0E+10	1E-30	1.0E-10	1.0E+10	1E-30	1.0E-10	1.0E+10	1E-30	1.0E-10
1	1.82310818690164E-09	1.0E+10	1000000000	1E-30	8.58765333044383E-11	1.0E+10	1E-30	1.0E+10	0.161441244559219	4.65028624299904E-08	1.0E+10	68.2873792275373	1.55242959222056E-07	1.0E+10	7.45880480694019	1.19938581198197E-07	1.0E+10	0.952931107661865	3.2361591668498E-08	1.0E+10	0.180910677501858	1.73798147398033E-07	1.0E+10	0.142815362487262	4.96519236576428E-09	6.33981681094179E-11	0.469345751956808	1.15801828687012E-09	2.73441004400435E-11	0.352005645427964	1.209898504191E-11	1.51400604295576E-10	19.2776082546099	2.706593882969E-12	3.32057500550824E-10	32.0586123901526	1.0E+10	1E-30	1.0E-10	1.0E+10	1E-30	1.0E-10	1.0E+10	1E-30	1.0E-10	1.0E+10	1E-30	1.0E-10	1.0E+10	1E-30	1.0E-10	1.0E+10	1E-30	1.0E-10
2	2.22214471352186E-09	1.0E+10	1000000000	1E-30	2.77446774854818E-12	1.0E+10	1E-30	1.0E+10	0.13838718404731	4.36120903722408E-08	1.0E+10	72.8137214891219	1.60867739887121E-07	1.0E+10	1.10300044260793	8.75356862368456E-08	1.0E+10	0.230111525323339	5.27454668656085E-08	1.0E+10	7.61970874463869E-02	4.77676456520624E-09	8.23610813460365E-11	0.480611573637501	1.23082755990599E-09	3.7806261183328E-11	0.379665667874541	7.64566519446684E-12	2.39853539061193E-10	22.8353543859114	2.47676301057364E-12	3.43769473787386E-10	34.4199262243532	1.0E+10	1E-30	1.0E-10	1.0E+10	1E-30	1.0E-10	1.0E+10	1E-30	1.0E-10	1.0E+10	1E-30	1.0E-10	1.0E+10	1E-30	1.0E-10	1.0E+10	1E-30	1.0E-10	1.0E+10	1E-30	1.0E-10
3	2.83481841377581E-09	1.0E+10	1000000000	1E-30	2.1619200906068E-13	1.0E+10	1E-30	1.0E+10	0.113928679087368	6.64139535812359E-08	1.0E+10	47.8146297681027	2.16894611138111E-07	1.0E+10	1.2002513843926	1.14484713508193E-07	1.0E+10	0.318148058513825	3.90601237624868E-08	1.0E+10	9.06155347068375E-02	1E-30	4.13260762076587E-11	0.259659394831345	4.78126348746193E-09	9.37375190018818E-11	0.422910649405383	1.37675746842124E-09	4.50049355450774E-11	0.352407867869039	9.22843534117084E-12	1.92941178703136E-10	22.7454722600395	2.75509716235825E-12	3.48794479515469E-10	35.1397706732431	1.0E+10	1E-30	1.0E-10	1.0E+10	1E-30	1.0E-10	1.0E+10	1E-30	1.0E-10	1.0E+10	1E-30	1.0E-10	1.0E+10	1E-30	1.0E-10	1.0E+10	1E-30	1.0E-10
4	3.42414660488792E-09	1.0E+10	1000000000	1E-30	5.1217956568126E-11	1.0E+10	1E-30	1.0E+10	9.32312245510533E-02	1.25843391599738E-07	1.0E+10	15.9217102880004	2.86979773820301E-07	1.0E+10	0.647307811810699	2.26410622072491E-07	1.0E+10	0.160090016156645	6.66125301428199E-08	1.0E+10	7.85326860026398E-02	1E-30	1.13929921503412E-10	0.521321973945772	7.17678872447692E-09	7.35036709904781E-11	0.400798321265287	2.47203250823184E-09	4.60755514318289E-11	0.306912924375996	1.00049141941387E-11	1.69654562482786E-10	27.0919120765525	3.248601613056E-12	2.69818973033063E-10	33.9435388100966	1.0E+10	1E-30	1.0E-10	1.0E+10	1E-30	1.0E-10	1.0E+10	1E-30	1.0E-10	1.0E+10	1E-30	1.0E-10	1.0E+10	1E-30	1.0E-10	1.0E+10	1E-30	1.0E-10
5	4.12281691044069E-09	1.0E+10	1000000000	1E-30	5.47005468123442E-11	1.0E+10	1E-30	1.0E+10	8.48105743143915E-02	1.57292136907231E-07	1.0E+10	12.7383482868704	3.38227093370562E-07	1.0E+10	0.570574796480043	3.38732990241835E-07	1.0E+10	0.135369019426029	9.26500189835624E-08	1.0E+10	6.37205274827356E-02	4.29748227399552E-07	1.0E+10	3.12073872420002E-02	1E-30	1.27859309949383E-10	0.533477775097783	7.88584646863904E-09	7.09666087720458E-11	0.361789538693078	3.22107425944796E-09	5.1588087048597E-11	0.333916948560955	1.11682598432823E-11	1.69409442595213E-10	16.1840462099404	3.02901979269836E-12	2.89378878652845E-10	36.4041975549712	1.0E+10	1E-30	1.0E-10	1.0E+10	1E-30	1.0E-10	1.0E+10	1E-30	1.0E-10	1.0E+10	1E-30	1.0E-10	1.0E+10	1E-30	1.0E-10
6	4.56152274447385E-09	1.0E+10	1000000000	1E-30	1.71150501520576E-11	1.0E+10	1E-30	1.0E+10	8.47991036853456E-02	1.98333623429073E-07	1.0E+10	8.02460724209032	3.84503907077517E-07	1.0E+10	0.427597830302815	3.0987905470735E-07	1.0E+10	9.33650978112388E-02	1.990936537162E-07	1.0E+10	4.93537818793802E-02	1E-30	1.37515423746465E-10	0.526404661309982	1.12856306440897E-08	9.37916157249226E-11	0.422270051990376	3.25569065117026E-09	6.46794997216927E-11	0.324701274137167	8.45940020619907E-12	2.04012355849635E-10	25.9826509244307	3.06995244236869E-12	2.85799718544158E-10	33.5928482677395	1.0E+10	1E-30	1.0E-10	1.0E+10	1E-30	1.0E-10	1.0E+10	1E-30	1.0E-10	1.0E+10	1E-30	1.0E-10	1.0E+10	1E-30	1.0E-10	1.0E+10	1E-30	1.0E-10
END DSCRDATA
