BEGIN DSCRDATA
% INDEX	K01	L01	M01	K02	L02	M02	K03	L03	M03	K04	L04	M04	K05	L05	M05	K06	L06	M06	K07	L07	M07	K08	L08	M08	K09	L09	M09	K10	L10	M10	K11	L11	M11	K12	L12	M12	K13	L13	M13	K14	L14	M14	K15	L15	M15	K16	L16	M16	K17	L17	M17	K18	L18	M18
0	0.000000000082	1.0E+10	1.0E+10	1E-30	1.4881809911443E-11	1.0E+10	1E-30	1.0E+10	0.09	1.15393943144951E-10	3.10711151642017E-11	2.56692641263924	1.53530117078182E-11	6.46268488929106E-11	14.4719985562276	1.38303566962885E-11	5.77753087730845E-11	13.4378744957539	1.35839650684451E-12	4.25367441478983E-10	362.93058705725	1.0E+10	1E-30	1.0E-10	1.0E+10	1E-30	1.0E-10	1.0E+10	1E-30	1.0E-10	1.0E+10	1E-30	1.0E-10	1.0E+10	1E-30	1.0E-10	1.0E+10	1E-30	1.0E-10	1.0E+10	1E-30	1.0E-10	1.0E+10	1E-30	1.0E-10	1.0E+10	1E-30	1.0E-10	1.0E+10	1E-30	1.0E-10	1.0E+10	1E-30	1.0E-10
1	1.0E-10	1.0E+10	1.0E+10	1E-30	3.11797484970341E-12	1.0E+10	1E-30	1.0E+10	7.26509102920738E-02	1.52154651124471E-10	3.32792694963949E-11	2.75128068365184	1.89786239395703E-11	7.38336414494143E-11	10.8032745019196	1.53703516280601E-12	4.40257912368799E-10	216.339752566974	1.0E+10	1E-30	1.0E-10	1.0E+10	1E-30	1.0E-10	1.0E+10	1E-30	1.0E-10	1.0E+10	1E-30	1.0E-10	1.0E+10	1E-30	1.0E-10	1.0E+10	1E-30	1.0E-10	1.0E+10	1E-30	1.0E-10	1.0E+10	1E-30	1.0E-10	1.0E+10	1E-30	1.0E-10	1.0E+10	1E-30	1.0E-10	1.0E+10	1E-30	1.0E-10	1.0E+10	1E-30	1.0E-10
2	0.00000000012	1.0E+10	1.0E+10	1E-30	3.53548150898713E-12	1.0E+10	1E-30	1.0E+10	8.03853271127398E-02	1.8719111561229E-10	4.00104821255637E-11	2.45208149037395	4.34775156772057E-11	4.87814031481701E-11	4.20296149501232	1.22091042758085E-12	4.6100662854666E-10	197.304199324656	1.0E+10	1E-30	1.0E-10	1.0E+10	1E-30	1.0E-10	1.0E+10	1E-30	1.0E-10	1.0E+10	1E-30	1.0E-10	1.0E+10	1E-30	1.0E-10	1.0E+10	1E-30	1.0E-10	1.0E+10	1E-30	1.0E-10	1.0E+10	1E-30	1.0E-10	1.0E+10	1E-30	1.0E-10	1.0E+10	1E-30	1.0E-10	1.0E+10	1E-30	1.0E-10	1.0E+10	1E-30	1.0E-10
3	0.00000000015	1.0E+10	1.0E+10	1E-30	4.06600069017337E-12	1.0E+10	1E-30	1.0E+10	0.067512749378117	1.96013161099126E-10	5.52298399453031E-11	2.81536624337833	8.87696934981151E-11	3.78664235388688E-11	3.57730040150491	1.40179272895026E-12	4.40257912368799E-10	142.934257064584	1.0E+10	1E-30	1.0E-10	1.0E+10	1E-30	1.0E-10	1.0E+10	1E-30	1.0E-10	1.0E+10	1E-30	1.0E-10	1.0E+10	1E-30	1.0E-10	1.0E+10	1E-30	1.0E-10	1.0E+10	1E-30	1.0E-10	1.0E+10	1E-30	1.0E-10	1.0E+10	1E-30	1.0E-10	1.0E+10	1E-30	1.0E-10	1.0E+10	1E-30	1.0E-10	1.0E+10	1E-30	1.0E-10
4	0.00000000018	1.0E+10	1.0E+10	1E-30	2.83225930420371E-11	1.0E+10	1E-30	1.0E+10	0.058876259958852	2.65140176183616E-10	5.7429459258073E-11	2.62026123082843	1.14172592668096E-10	4.05440519462072E-11	2.9124485924117	2.05911607714349E-10	9.7898984685924E-12	1.50709039552075	1.51201599904943E-12	4.57104853228029E-10	182.487763807821	1.0E+10	1E-30	1.0E-10	1.0E+10	1E-30	1.0E-10	1.0E+10	1E-30	1.0E-10	1.0E+10	1E-30	1.0E-10	1.0E+10	1E-30	1.0E-10	1.0E+10	1E-30	1.0E-10	1.0E+10	1E-30	1.0E-10	1.0E+10	1E-30	1.0E-10	1.0E+10	1E-30	1.0E-10	1.0E+10	1E-30	1.0E-10	1.0E+10	1E-30	1.0E-10
5	0.00000000022	1.0E+10	1.0E+10	1E-30	1.7255169915037E-13	1.0E+10	1E-30	1.0E+10	0.055	3.48996060703051E-10	6.03628228069266E-11	2.88064369761334	1.34271918592872E-10	5.10009583166383E-11	3.00419079542437	2.61447577934479E-10	1.12553762499189E-11	0.922989591613703	6.85502480401137E-11	2.39600443453154E-11	2.46375255363431	1.48311047058831E-12	4.62668611258842E-10	188.777581786631	1.0E+10	1E-30	1.0E-10	1.0E+10	1E-30	1.0E-10	1.0E+10	1E-30	1.0E-10	1.0E+10	1E-30	1.0E-10	1.0E+10	1E-30	1.0E-10	1.0E+10	1E-30	1.0E-10	1.0E+10	1E-30	1.0E-10	1.0E+10	1E-30	1.0E-10	1.0E+10	1E-30	1.0E-10	1.0E+10	1E-30	1.0E-10
6	1.18951233550276E-09	1.0E+10	1.0E+10	1E-30	1.47257320175647E-11	1.0E+10	1E-30	1.0E+10	1.52703014597237E-02	1E-30	4.9251820488045E-11	2.13555755397878E-02	2.49455274730287E-09	2.43423980419558E-11	0.439496869928125	5.99224376011266E-10	2.88466494311852E-11	0.651944952561382	1.29167205087058E-12	5.36465613940008E-10	181.411916567363	1.0E+10	1E-30	1.0E-10	1.0E+10	1E-30	1.0E-10	1.0E+10	1E-30	1.0E-10	1.0E+10	1E-30	1.0E-10	1.0E+10	1E-30	1.0E-10	1.0E+10	1E-30	1.0E-10	1.0E+10	1E-30	1.0E-10	1.0E+10	1E-30	1.0E-10	1.0E+10	1E-30	1.0E-10	1.0E+10	1E-30	1.0E-10	1.0E+10	1E-30	1.0E-10
7	1.22263508484337E-09	1.0E+10	1.0E+10	1E-30	1.04386337343178E-11	1.0E+10	1E-30	1.0E+10	4.5326038999115E-03	1E-30	1.34726315319229E-10	1.28282351408241	1E-30	5.54003593934782E-11	1.63897066877419E-02	2.34533222050818E-09	6.84378921243143E-11	2.22537594261582	1.33853343991408E-09	4.49276233721167E-11	1.58278660705095	3.62717564618656E-09	7.28396190139551E-12	0.399397422338846	2.53108277053696E-09	6.42899326918665E-12	0.388335860337634	1.3619698339053E-12	3.22673152149756E-10	215.703705606752	1.0E+10	1E-30	1.0E-10	1.0E+10	1E-30	1.0E-10	1.0E+10	1E-30	1.0E-10	1.0E+10	1E-30	1.0E-10	1.0E+10	1E-30	1.0E-10	1.0E+10	1E-30	1.0E-10	1.0E+10	1E-30	1.0E-10	1.0E+10	1E-30	1.0E-10
8	1.18951233550276E-09	1.0E+10	1.0E+10	1E-30	1.47257320175647E-11	1.0E+10	1E-30	1.0E+10	1.52703014597237E-02	1E-30	4.9251820488045E-11	2.13555755397878E-02	2.49455274730287E-09	2.43423980419558E-11	0.439496869928125	5.99224376011266E-10	2.88466494311852E-11	0.651944952561382	1.29167205087058E-12	5.36465613940008E-10	181.411916567363	1.0E+10	1E-30	1.0E-10	1.0E+10	1E-30	1.0E-10	1.0E+10	1E-30	1.0E-10	1.0E+10	1E-30	1.0E-10	1.0E+10	1E-30	1.0E-10	1.0E+10	1E-30	1.0E-10	1.0E+10	1E-30	1.0E-10	1.0E+10	1E-30	1.0E-10	1.0E+10	1E-30	1.0E-10	1.0E+10	1E-30	1.0E-10	1.0E+10	1E-30	1.0E-10
9	1.44713229537092E-09	1.0E+10	1.0E+10	1E-30	1.19531936524165E-11	1.0E+10	1E-30	1.0E+10	1.38540081699161E-02	1E-30	7.49348561263049E-11	1.19984092940671	1E-30	3.81502918142943E-11	1.73215541826378E-02	3.46314185548425E-09	2.57719733060942E-11	0.499347333375074	1.38557947852951E-09	1.89397592426271E-11	0.514339346654375	1.46863346801426E-12	4.61558018799274E-10	586.417404676227	1.0E+10	1E-30	1.0E-10	1.0E+10	1E-30	1.0E-10	1.0E+10	1E-30	1.0E-10	1.0E+10	1E-30	1.0E-10	1.0E+10	1E-30	1.0E-10	1.0E+10	1E-30	1.0E-10	1.0E+10	1E-30	1.0E-10	1.0E+10	1E-30	1.0E-10	1.0E+10	1E-30	1.0E-10	1.0E+10	1E-30	1.0E-10
10	1.49647814622433E-09	1.0E+10	1.0E+10	1E-30	1.89341536238757E-11	1.0E+10	1E-30	1.0E+10	4.57922459871559E-03	1E-30	1.48103401825498E-10	0.92127778122536	1E-30	6.03322460963645E-11	1.48488341995086E-02	2.44936678457889E-09	9.330967519972E-11	2.26339897568612	1.95363521326119E-09	4.32106941170448E-11	1.59883119450839	5.25073066922354E-09	7.57963904106562E-12	0.404199186960071	2.49838053022544E-09	9.3611743903665E-12	0.394453380871839	1.40279570772394E-12	3.39207747649392E-10	301.11177836787	1.0E+10	1E-30	1.0E-10	1.0E+10	1E-30	1.0E-10	1.0E+10	1E-30	1.0E-10	1.0E+10	1E-30	1.0E-10	1.0E+10	1E-30	1.0E-10	1.0E+10	1E-30	1.0E-10	1.0E+10	1E-30	1.0E-10	1.0E+10	1E-30	1.0E-10
11	1.44713229537092E-09	1.0E+10	1.0E+10	1E-30	1.19531936524165E-11	1.0E+10	1E-30	1.0E+10	1.38540081699161E-02	1E-30	7.49348561263049E-11	1.19984092940671	1E-30	3.81502918142943E-11	1.73215541826378E-02	3.46314185548425E-09	2.57719733060942E-11	0.499347333375074	1.38557947852951E-09	1.89397592426271E-11	0.514339346654375	1.46863346801426E-12	4.61558018799274E-10	586.417404676227	1.0E+10	1E-30	1.0E-10	1.0E+10	1E-30	1.0E-10	1.0E+10	1E-30	1.0E-10	1.0E+10	1E-30	1.0E-10	1.0E+10	1E-30	1.0E-10	1.0E+10	1E-30	1.0E-10	1.0E+10	1E-30	1.0E-10	1.0E+10	1E-30	1.0E-10	1.0E+10	1E-30	1.0E-10	1.0E+10	1E-30	1.0E-10
12	1.79982377580543E-09	1.0E+10	1.0E+10	1E-30	6.49688325738772E-12	1.0E+10	1E-30	1.0E+10	1.25175824440249E-02	1E-30	8.27212897293033E-11	0.895482476920338	1E-30	4.33890691443196E-11	1.97001405854503E-02	4.55212699757256E-09	2.87373547490037E-11	0.53543103799143	1.6738400356736E-09	2.37296834726446E-11	0.526311373622421	1.5489830717824E-12	4.17919898591991E-10	250.630216838962	1.0E+10	1E-30	1.0E-10	1.0E+10	1E-30	1.0E-10	1.0E+10	1E-30	1.0E-10	1.0E+10	1E-30	1.0E-10	1.0E+10	1E-30	1.0E-10	1.0E+10	1E-30	1.0E-10	1.0E+10	1E-30	1.0E-10	1.0E+10	1E-30	1.0E-10	1.0E+10	1E-30	1.0E-10	1.0E+10	1E-30	1.0E-10
13	1.78332696330601E-09	1.0E+10	1.0E+10	1E-30	3.06175035720032E-11	1.0E+10	1E-30	1.0E+10	4.71713103645617E-03	1E-30	1.31764304810295E-10	0.925140466226439	1E-30	5.89079513340911E-11	1.42409043704444E-02	3.29273785839905E-09	9.08149198865715E-11	2.08579295722383	2.54735156885764E-09	4.49793659235471E-11	1.47767779095764	4.38789832059895E-09	1.22788860359915E-11	0.400219235337007	3.03749874563532E-09	1.04408676763615E-11	0.393834434263822	1.61403034319539E-12	4.36753908807407E-10	346.359318795565	1.0E+10	1E-30	1.0E-10	1.0E+10	1E-30	1.0E-10	1.0E+10	1E-30	1.0E-10	1.0E+10	1E-30	1.0E-10	1.0E+10	1E-30	1.0E-10	1.0E+10	1E-30	1.0E-10	1.0E+10	1E-30	1.0E-10	1.0E+10	1E-30	1.0E-10
14	1.79982377580543E-09	1.0E+10	1.0E+10	1E-30	6.49688325738772E-12	1.0E+10	1E-30	1.0E+10	1.25175824440249E-02	1E-30	8.27212897293033E-11	0.895482476920338	1E-30	4.33890691443196E-11	1.97001405854503E-02	4.55212699757256E-09	2.87373547490037E-11	0.53543103799143	1.6738400356736E-09	2.37296834726446E-11	0.526311373622421	1.5489830717824E-12	4.17919898591991E-10	250.630216838962	1.0E+10	1E-30	1.0E-10	1.0E+10	1E-30	1.0E-10	1.0E+10	1E-30	1.0E-10	1.0E+10	1E-30	1.0E-10	1.0E+10	1E-30	1.0E-10	1.0E+10	1E-30	1.0E-10	1.0E+10	1E-30	1.0E-10	1.0E+10	1E-30	1.0E-10	1.0E+10	1E-30	1.0E-10	1.0E+10	1E-30	1.0E-10
15	2.18187235293239E-09	1.0E+10	1.0E+10	1E-30	1.20929702271364E-11	1.0E+10	1E-30	1.0E+10	9.5382473317522E-03	1E-30	9.10590400640279E-11	0.580447389791614	1E-30	4.57048964576719E-11	1.16694858520619E-02	4.67340239338542E-09	3.99010916320283E-11	0.616685384341122	2.02248216730137E-09	2.9048331728934E-11	0.601101135314234	1.2100054845439E-12	4.24964236220263E-10	219.508490354962	1.0E+10	1E-30	1.0E-10	1.0E+10	1E-30	1.0E-10	1.0E+10	1E-30	1.0E-10	1.0E+10	1E-30	1.0E-10	1.0E+10	1E-30	1.0E-10	1.0E+10	1E-30	1.0E-10	1.0E+10	1E-30	1.0E-10	1.0E+10	1E-30	1.0E-10	1.0E+10	1E-30	1.0E-10	1.0E+10	1E-30	1.0E-10
16	2.13673385269779E-09	1.0E+10	1.0E+10	1E-30	5.11852902789978E-11	1.0E+10	1E-30	1.0E+10	4.64196681186983E-03	1E-30	1.82184993377451E-10	0.884957682534687	1E-30	4.69819944896711E-11	1.13578231038048E-02	4.12270345413345E-09	9.56163726437223E-11	2.50706764873782	3.1488544529305E-09	4.79677811159052E-11	1.68855824834194	7.29387520351389E-09	9.96453863687765E-12	0.577414711674952	5.67316391402729E-09	8.08029780340436E-12	0.477258666397823	1.81508966497979E-12	3.4613890189538E-10	299.010084624371	1.0E+10	1E-30	1.0E-10	1.0E+10	1E-30	1.0E-10	1.0E+10	1E-30	1.0E-10	1.0E+10	1E-30	1.0E-10	1.0E+10	1E-30	1.0E-10	1.0E+10	1E-30	1.0E-10	1.0E+10	1E-30	1.0E-10	1.0E+10	1E-30	1.0E-10
17	2.18187235293239E-09	1.0E+10	1.0E+10	1E-30	1.20929702271364E-11	1.0E+10	1E-30	1.0E+10	9.5382473317522E-03	1E-30	9.10590400640279E-11	0.580447389791614	1E-30	4.57048964576719E-11	1.16694858520619E-02	4.67340239338542E-09	3.99010916320283E-11	0.616685384341122	2.02248216730137E-09	2.9048331728934E-11	0.601101135314234	1.2100054845439E-12	4.24964236220263E-10	219.508490354962	1.0E+10	1E-30	1.0E-10	1.0E+10	1E-30	1.0E-10	1.0E+10	1E-30	1.0E-10	1.0E+10	1E-30	1.0E-10	1.0E+10	1E-30	1.0E-10	1.0E+10	1E-30	1.0E-10	1.0E+10	1E-30	1.0E-10	1.0E+10	1E-30	1.0E-10	1.0E+10	1E-30	1.0E-10	1.0E+10	1E-30	1.0E-10
18	5.63106924712045E-09	1.0E+10	1.0E+10	1E-30	2.52152534756535E-11	1.0E+10	1E-30	1.0E+10	5.31897894418496E-03	1E-30	1.10576015331962E-10	0.46136528237034	1E-30	3.633396542517E-11	8.97042155545429E-03	1.05814946295522E-08	7.58043690374265E-11	0.851287439860579	6.26848667103906E-09	4.61867041629467E-11	0.715415973196407	1.94660040523781E-08	6.79295780693774E-12	0.176321867478903	1.31802372980768E-08	6.06107592674907E-12	0.197127410098228	1.3459588255853E-12	3.94192440712635E-10	361.878278008819	1.0E+10	1E-30	1.0E-10	1.0E+10	1E-30	1.0E-10	1.0E+10	1E-30	1.0E-10	1.0E+10	1E-30	1.0E-10	1.0E+10	1E-30	1.0E-10	1.0E+10	1E-30	1.0E-10	1.0E+10	1E-30	1.0E-10	1.0E+10	1E-30	1.0E-10
19	5.63106924712045E-09	1.0E+10	1.0E+10	1E-30	2.52152534756535E-11	1.0E+10	1E-30	1.0E+10	5.31897894418496E-03	1E-30	1.10576015331962E-10	0.46136528237034	1E-30	3.633396542517E-11	8.97042155545429E-03	1.05814946295522E-08	7.58043690374265E-11	0.851287439860579	6.26848667103906E-09	4.61867041629467E-11	0.715415973196407	1.94660040523781E-08	6.79295780693774E-12	0.176321867478903	1.31802372980768E-08	6.06107592674907E-12	0.197127410098228	1.3459588255853E-12	3.94192440712635E-10	361.878278008819	1.0E+10	1E-30	1.0E-10	1.0E+10	1E-30	1.0E-10	1.0E+10	1E-30	1.0E-10	1.0E+10	1E-30	1.0E-10	1.0E+10	1E-30	1.0E-10	1.0E+10	1E-30	1.0E-10	1.0E+10	1E-30	1.0E-10	1.0E+10	1E-30	1.0E-10
20	6.7724057189372E-09	1.0E+10	1.0E+10	1E-30	9.90938746461317E-12	1.0E+10	1E-30	1.0E+10	4.50860671384428E-03	1E-30	1.45971678871818E-10	0.421364263113298	1E-30	2.28225593690267E-11	2.7389791591603E-03	1.04950720770887E-08	1.01565164276386E-10	0.828710445063078	9.056512756187E-09	4.47649569036404E-11	0.727399959875971	1.98987896399762E-08	9.54425434065679E-12	0.188148997406957	1.06548002912783E-08	1.08187994759809E-11	0.179870929311942	1.32600067575873E-12	3.49056927908478E-10	286.087672761048	1.0E+10	1E-30	1.0E-10	1.0E+10	1E-30	1.0E-10	1.0E+10	1E-30	1.0E-10	1.0E+10	1E-30	1.0E-10	1.0E+10	1E-30	1.0E-10	1.0E+10	1E-30	1.0E-10	1.0E+10	1E-30	1.0E-10	1.0E+10	1E-30	1.0E-10
21	6.63101564933017E-09	1.0E+10	1.0E+10	1E-30	0.00000000004	1.0E+10	1E-30	1.0E+10	0.0732	3.19273436661974E-07	1.0E+10	8.30818377061949	4.66276936330663E-07	1.0E+10	0.568885608140787	2.97724046832529E-07	1.0E+10	9.71949114900415E-02	2.96256767224424E-07	1.0E+10	2.68609801867126E-02	8.85205410737204E-13	1.69320483061794E-10	14.488146402675	4.46921832671499E-12	2.69891618397905E-10	8.90284001905535	1.35192573466626E-11	2.08182835138726E-10	18.5880978608774	7.28914781853992E-09	1.3900278354162E-11	9.70422496895302E-02	2.63402785388529E-08	1.42256855345942E-11	8.00889322464362E-02	1.0E+10	1E-30	1.0E-10	1.0E+10	1E-30	1.0E-10	1.0E+10	1E-30	1.0E-10	1.0E+10	1E-30	1.0E-10	1.0E+10	1E-30	1.0E-10	1.0E+10	1E-30	1.0E-10
22	6.7724057189372E-09	1.0E+10	1.0E+10	1E-30	9.90938746461317E-12	1.0E+10	1E-30	1.0E+10	4.50860671384428E-03	1E-30	1.45971678871818E-10	0.421364263113298	1E-30	2.28225593690267E-11	2.7389791591603E-03	1.04950720770887E-08	1.01565164276386E-10	0.828710445063078	9.056512756187E-09	4.47649569036404E-11	0.727399959875971	1.98987896399762E-08	9.54425434065679E-12	0.188148997406957	1.06548002912783E-08	1.08187994759809E-11	0.179870929311942	1.32600067575873E-12	3.49056927908478E-10	286.087672761048	1.0E+10	1E-30	1.0E-10	1.0E+10	1E-30	1.0E-10	1.0E+10	1E-30	1.0E-10	1.0E+10	1E-30	1.0E-10	1.0E+10	1E-30	1.0E-10	1.0E+10	1E-30	1.0E-10	1.0E+10	1E-30	1.0E-10	1.0E+10	1E-30	1.0E-10
23	8.25241431284924E-09	1.0E+10	1.0E+10	1E-30	9.13654929785239E-12	1.0E+10	1E-30	1.0E+10	4.25265242334485E-03	1E-30	1.19044993879654E-10	0.380477643315154	1E-30	4.65220606303627E-11	4.98724034410176E-03	1.641376089307E-08	8.87125813349682E-11	0.826122687004535	1.42743492273654E-08	3.88244693937135E-11	0.645165055908906	2.35715874616367E-08	1.10472100318064E-11	0.194729201030006	9.93293520470652E-09	1.57483870406053E-11	0.203348448866813	1.56388505962789E-12	4.59924723772894E-10	267.701471451656	1.0E+10	1E-30	1.0E-10	1.0E+10	1E-30	1.0E-10	1.0E+10	1E-30	1.0E-10	1.0E+10	1E-30	1.0E-10	1.0E+10	1E-30	1.0E-10	1.0E+10	1E-30	1.0E-10	1.0E+10	1E-30	1.0E-10	1.0E+10	1E-30	1.0E-10
24	8.25241431284924E-09	1.0E+10	1.0E+10	1E-30	9.13654929785239E-12	1.0E+10	1E-30	1.0E+10	4.25265242334485E-03	1E-30	1.19044993879654E-10	0.380477643315154	1E-30	4.65220606303627E-11	4.98724034410176E-03	1.641376089307E-08	8.87125813349682E-11	0.826122687004535	1.42743492273654E-08	3.88244693937135E-11	0.645165055908906	2.35715874616367E-08	1.10472100318064E-11	0.194729201030006	9.93293520470652E-09	1.57483870406053E-11	0.203348448866813	1.56388505962789E-12	4.59924723772894E-10	267.701471451656	1.0E+10	1E-30	1.0E-10	1.0E+10	1E-30	1.0E-10	1.0E+10	1E-30	1.0E-10	1.0E+10	1E-30	1.0E-10	1.0E+10	1E-30	1.0E-10	1.0E+10	1E-30	1.0E-10	1.0E+10	1E-30	1.0E-10	1.0E+10	1E-30	1.0E-10
25	9.94307128357755E-09	1.0E+10	1.0E+10	1E-30	1.14801024797152E-11	1.0E+10	1E-30	1.0E+10	4.0729436825975E-03	1E-30	2.04601924020921E-10	0.359358332425326	1E-30	2.25728605000967E-11	1.87839945194846E-03	1.41579951575958E-08	1.41968358062871E-10	1.06922053487532	1.44574534148078E-08	5.29139332549048E-11	0.731366986779428	4.5949959901818E-08	8.19136552404509E-12	0.257962866806634	2.17223479050454E-08	1.08995085671968E-11	0.22825048097177	1.61365270384218E-12	3.30431557060528E-10	580.825291447284	1.0E+10	1E-30	1.0E-10	1.0E+10	1E-30	1.0E-10	1.0E+10	1E-30	1.0E-10	1.0E+10	1E-30	1.0E-10	1.0E+10	1E-30	1.0E-10	1.0E+10	1E-30	1.0E-10	1.0E+10	1E-30	1.0E-10	1.0E+10	1E-30	1.0E-10
26	9.55183643848068E-09	1.0E+10	1.0E+10	1E-30	0.00000000002	1.0E+10	1E-30	1.0E+10	0.0496	4.86755038458479E-07	1.0E+10	5.44952219347431	8.05445023874217E-07	1.0E+10	0.395197532728813	6.12813616583166E-07	1.0E+10	7.63858310475654E-02	2.81163703190461E-07	1.0E+10	2.57299057915225E-02	1.30200392001607E-12	3.03982090620739E-10	19.9203402522298	7.60726153850085E-12	1.41330738912531E-10	8.71727089781266	1.7551986758398E-11	1.02624592404791E-10	9.4320513865477	6.4493481293035E-10	5.77584500259362E-11	0.189828300235794	6.88437077907034E-09	3.37868832389091E-11	0.145538929238702	1.91959715768358E-08	3.85555327324909E-11	0.106068991863116	1.0E+10	1E-30	1.0E-10	1.0E+10	1E-30	1.0E-10	1.0E+10	1E-30	1.0E-10	1.0E+10	1E-30	1.0E-10	1.0E+10	1E-30	1.0E-10
27	9.94307128357755E-09	1.0E+10	1.0E+10	1E-30	1.14801024797152E-11	1.0E+10	1E-30	1.0E+10	4.0729436825975E-03	1E-30	2.04601924020921E-10	0.359358332425326	1E-30	2.25728605000967E-11	1.87839945194846E-03	1.41579951575958E-08	1.41968358062871E-10	1.06922053487532	1.44574534148078E-08	5.29139332549048E-11	0.731366986779428	4.5949959901818E-08	8.19136552404509E-12	0.257962866806634	2.17223479050454E-08	1.08995085671968E-11	0.22825048097177	1.61365270384218E-12	3.30431557060528E-10	580.825291447284	1.0E+10	1E-30	1.0E-10	1.0E+10	1E-30	1.0E-10	1.0E+10	1E-30	1.0E-10	1.0E+10	1E-30	1.0E-10	1.0E+10	1E-30	1.0E-10	1.0E+10	1E-30	1.0E-10	1.0E+10	1E-30	1.0E-10	1.0E+10	1E-30	1.0E-10
28	1.43310402554536E-08	1.0E+10	6666666666.66667	1E-30	0.00000000003	1.0E+10	1E-30	1.0E+10	0.04	7.90661391188496E-07	1.0E+10	3.35489049348628	1.22995085409708E-06	1.0E+10	0.258798865924984	8.99625898389528E-07	1.0E+10	5.20330478077243E-02	4.64898134181451E-07	1.0E+10	1.55610768535857E-02	1E-30	9.18003060242262E-11	0.241355331250741	9.73527626629257E-13	2.31280735865144E-10	21.7976958213233	6.36304658565886E-12	1.68966214511201E-10	10.4218252575871	1.32785389124063E-11	1.98502776180233E-10	16.0982484020303	1.04245985123894E-08	4.59330467758032E-11	0.134053895240531	4.42409833134705E-08	3.66433749175688E-11	0.112261004599422	1.0E+10	1E-30	1.0E-10	1.0E+10	1E-30	1.0E-10	1.0E+10	1E-30	1.0E-10	1.0E+10	1E-30	1.0E-10	1.0E+10	1E-30	1.0E-10
29	2.10779909671429E-08	1.0E+10	4545454545.45455	1E-30	1.0E-10	1.0E+10	1E-30	1.0E+10	0.022	1.31068113546528E-06	1.0E+10	2.02381976293821	1.62850421501296E-06	1.0E+10	0.195461505871053	1.16269250730782E-06	1.0E+10	3.11101841184003E-02	8.43311768441852E-07	1.0E+10	9.9329527532647E-03	1E-30	1.31803567967212E-10	0.192343643230165	1.96640270226772E-12	2.86957906656892E-10	33.4994671951361	1.18519991134804E-11	1.64908731643909E-10	13.9258844886421	1.90756392037712E-08	6.31575332246467E-11	0.151125028398083	4.45808815645711E-08	7.01465945994951E-11	0.168001262378516	1.0E+10	1E-30	1.0E-10	1.0E+10	1E-30	1.0E-10	1.0E+10	1E-30	1.0E-10	1.0E+10	1E-30	1.0E-10	1.0E+10	1E-30	1.0E-10	1.0E+10	1E-30	1.0E-10
30	2.11539907214118E-08	1.0E+10	4545454545.45455	1E-30	0.00000000007	1.0E+10	1E-30	1.0E+10	0.028	1.305980096441E-06	1.0E+10	2.03110475580265	1.61845324120595E-06	1.0E+10	0.196675367616187	1.59070722505765E-06	1.0E+10	2.94273368741836E-02	6.2159551562568E-07	1.0E+10	1.34759272575726E-02	1.54546380889031E-12	3.34491698561938E-10	28.0293730847195	1.44004244734505E-11	1.04639885581006E-10	10.3344319330212	5.04434706900122E-10	1.00430424648E-10	0.180292276726321	1.98725094921733E-08	3.18660005176506E-11	7.77066613306224E-02	3.88867676476084E-08	5.38335534632953E-11	0.092087525813884	1.0E+10	1E-30	1.0E-10	1.0E+10	1E-30	1.0E-10	1.0E+10	1E-30	1.0E-10	1.0E+10	1E-30	1.0E-10	1.0E+10	1E-30	1.0E-10	1.0E+10	1E-30	1.0E-10
31	0.000000027	1.0E+10	1.0E+10	1E-30	1.24604777014559E-10	1.0E+10	1E-30	1.0E+10	3.64839538188198E-03	9.01200108030532E-06	1.0E+10	0.238231341628601	1E-30	8.3538523217582E-11	0.228815577646509	1E-30	5.15094358788505E-11	3.46326391364303E-03	5.15544782447751E-08	8.35516328277167E-11	0.402572655928461	2.58384463325962E-08	6.63674210123715E-11	0.342644900600871	3.40617059917731E-08	2.19763185497338E-11	0.101121679212347	3.32863669044142E-08	1.35504881770817E-11	0.101121679212348	7.80308604546391E-09	2.40965541212802E-11	5.55704959603038E-02	3.73479179434189E-11	2.00426407264956E-11	2.31656383901126	2.35649431274437E-12	2.6421346196168E-10	668.10430907124	1.0E+10	1E-30	1.0E-10	1.0E+10	1E-30	1.0E-10	1.0E+10	1E-30	1.0E-10	1.0E+10	1E-30	1.0E-10	1.0E+10	1E-30	1.0E-10
32	3.13566165580736E-08	1.0E+10	3030303030.30303	1E-30	0.000000000012	1.0E+10	1E-30	1.0E+10	0.022	2.20389773439462E-06	1.0E+10	1.20358687404956	2.84430177953269E-06	1.0E+10	0.111911432350223	2.84404321708205E-06	1.0E+10	2.94530543765762E-02	1.73368365499457E-06	1.0E+10	9.18016055774566E-03	1.49203079246917E-12	1.78894201777202E-10	18.7140372582226	4.2260388636217E-12	2.17464399456807E-10	14.3602185827187	1.34063219178205E-11	1.9041866325622E-10	16.9930496107046	3.82529862601204E-09	6.13128019221779E-11	9.90616361604276E-02	2.7962276762612E-08	5.3602004238562E-11	0.101725311836832	6.6181900109576E-08	6.29088615814808E-11	0.101017127574524	1.0E+10	1E-30	1.0E-10	1.0E+10	1E-30	1.0E-10	1.0E+10	1E-30	1.0E-10	1.0E+10	1E-30	1.0E-10	1.0E+10	1E-30	1.0E-10
33	0.000000033	1.0E+10	1.0E+10	1E-30	2.4113718129051E-11	1.0E+10	1E-30	1.0E+10	3.62540072353111E-03	1.32796684371029E-05	1.0E+10	0.159495714407307	1E-30	7.72860767983511E-11	0.285864915020204	1E-30	6.55071272862601E-11	5.67397409437777E-03	4.90330587449763E-08	1.1580634412156E-10	0.395022363229874	3.31504162488734E-08	6.81918309859064E-11	0.279654416786049	5.13439156101215E-08	2.01248360788882E-11	9.92251314339971E-02	3.47127472339658E-08	1.83540686442069E-11	0.113925693999448	9.34305673201366E-09	2.65297007733374E-11	7.18822533539547E-02	1.51526637481771E-12	4.82761192759081E-10	497.303691297076	1.0E+10	1E-30	1.0E-10	1.0E+10	1E-30	1.0E-10	1.0E+10	1E-30	1.0E-10	1.0E+10	1E-30	1.0E-10	1.0E+10	1E-30	1.0E-10	1.0E+10	1E-30	1.0E-10
34	0.000000039	1.0E+10	1.0E+10	1E-30	4.45415859953294E-11	1.0E+10	1E-30	1.0E+10	3.12213535271089E-03	1.4458185571949E-05	1.0E+10	0.174464205482512	1E-30	8.08264341049922E-11	0.216347665408048	1E-30	5.72207332914316E-11	3.84726598805123E-03	6.64294294582828E-08	1.17994242119998E-10	0.402485414105066	3.56747158338326E-08	8.3533526290454E-11	0.319705528488348	1.07735919457236E-07	1.38631146563729E-11	9.22040815884138E-02	3.40690891297317E-08	2.52267216432104E-11	0.108330350013672	8.17260525254094E-09	4.38390177782008E-11	7.15731524744028E-02	1.99442927971218E-12	3.79853663064997E-10	411.040448707624	1.0E+10	1E-30	1.0E-10	1.0E+10	1E-30	1.0E-10	1.0E+10	1E-30	1.0E-10	1.0E+10	1E-30	1.0E-10	1.0E+10	1E-30	1.0E-10	1.0E+10	1E-30	1.0E-10
35	4.58630250956272E-08	1.0E+10	2127659574.46808	1E-30	0.00000000002	1.0E+10	1E-30	1.0E+10	0.012	3.22787421075521E-06	1.0E+10	0.616330333449776	4.69395291570146E-06	1.0E+10	6.78127565189313E-02	2.31997238701026E-06	1.0E+10	2.01770838489563E-02	1.16927441669028E-06	1.0E+10	8.00672223933013E-03	1E-30	1.88701595116234E-10	0.16738547151186	1.25033237756891E-12	3.16544529041493E-10	59.4020502937222	1.739903625888E-11	5.82337907311538E-11	6.04202343588493	4.70820586429107E-08	5.96125375190021E-11	0.103020906491866	8.48001734520587E-08	8.87948004518722E-11	0.147870928258244	1.0E+10	1E-30	1.0E-10	1.0E+10	1E-30	1.0E-10	1.0E+10	1E-30	1.0E-10	1.0E+10	1E-30	1.0E-10	1.0E+10	1E-30	1.0E-10	1.0E+10	1E-30	1.0E-10
36	0.000000047	1.0E+10	1.0E+10	1E-30	1.84602177898866E-10	1.0E+10	1E-30	1.0E+10	2.84465937825226E-03	1.96151703111506E-05	1.0E+10	0.1285961742119	1E-30	1.08187215279534E-10	0.195782890629328	1E-30	4.25794648348433E-11	2.86285263095441E-03	1.03286089264416E-07	1.00041340771138E-10	0.493251977205565	4.40597302573129E-08	9.77641218358802E-11	0.34919565790182	7.48241572386583E-08	2.75536732272303E-11	0.121079002612577	5.67599277517038E-08	2.29181471512118E-11	0.126785280205159	8.59096271090177E-09	6.02808688853807E-11	8.37662039353555E-02	3.11919002967669E-12	1.2027614600058E-10	49.3251977205565	1.0E+10	1E-30	1.0E-10	1.0E+10	1E-30	1.0E-10	1.0E+10	1E-30	1.0E-10	1.0E+10	1E-30	1.0E-10	1.0E+10	1E-30	1.0E-10	1.0E+10	1E-30	1.0E-10
37	6.61565441114877E-08	1.0E+10	1470588235.29412	1E-30	0.00000000005	1.0E+10	1E-30	1.0E+10	0.0195	4.4740891864993E-06	1.0E+10	0.508179866201755	5.07418616703684E-06	1.0E+10	5.22760162426982E-02	2.46554524270013E-06	1.0E+10	1.07586035694075E-02	1.67011701478292E-12	3.82130993843229E-10	33.9202258058009	1.6134660335518E-11	1.441625834377E-10	9.05562639156259	2.411588829749E-09	7.00238105769764E-11	7.76422196064679E-02	4.93996204394965E-08	4.23771046527822E-11	4.91418058677297E-02	1.43181804159794E-07	4.60223778642339E-11	4.13526205938242E-02	1.0E+10	1E-30	1.0E-10	1.0E+10	1E-30	1.0E-10	1.0E+10	1E-30	1.0E-10	1.0E+10	1E-30	1.0E-10	1.0E+10	1E-30	1.0E-10	1.0E+10	1E-30	1.0E-10	1.0E+10	1E-30	1.0E-10
38	6.61565441114877E-08	1.0E+10	1470588235.29412	1E-30	0.00000000005	1.0E+10	1E-30	1.0E+10	0.0195	4.4740891864993E-06	1.0E+10	0.508179866201755	5.07418616703684E-06	1.0E+10	5.22760162426982E-02	2.46554524270013E-06	1.0E+10	1.07586035694075E-02	1.67011701478292E-12	3.82130993843229E-10	33.9202258058009	1.6134660335518E-11	1.441625834377E-10	9.05562639156259	2.411588829749E-09	7.00238105769764E-11	7.76422196064679E-02	4.93996204394965E-08	4.23771046527822E-11	4.91418058677297E-02	1.43181804159794E-07	4.60223778642339E-11	4.13526205938242E-02	1.0E+10	1E-30	1.0E-10	1.0E+10	1E-30	1.0E-10	1.0E+10	1E-30	1.0E-10	1.0E+10	1E-30	1.0E-10	1.0E+10	1E-30	1.0E-10	1.0E+10	1E-30	1.0E-10	1.0E+10	1E-30	1.0E-10
39	9.49840735525324E-08	1.0E+10	1000000000	1E-30	0.000000000092	1.0E+10	1E-30	1.0E+10	0.0155	6.80758237661492E-06	1.0E+10	0.292238371654922	1.04260948233566E-05	1.0E+10	3.05301161726164E-02	6.72295994181314E-06	1.0E+10	9.86389331419078E-03	3.75341266580137E-05	1.0E+10	3.85479361808547E-04	1E-30	8.0515809487538E-11	7.14205766354498E-02	2.42045548683007E-12	1.16278830109131E-10	14.6120287375544	3.72983941977977E-12	2.51155932746207E-10	17.1016581148407	1.73647027724627E-11	1.73451042119779E-10	10.6081349317526	9.3984358505314E-08	4.7913969824911E-11	5.01753918687545E-02	2.33183531832067E-07	5.6109582136998E-11	4.45390470713382E-02	1.0E+10	1E-30	1.0E-10	1.0E+10	1E-30	1.0E-10	1.0E+10	1E-30	1.0E-10	1.0E+10	1E-30	1.0E-10	1.0E+10	1E-30	1.0E-10
40	9.49840735525324E-08	1.0E+10	1000000000	1E-30	0.000000000092	1.0E+10	1E-30	1.0E+10	0.0155	6.80758237661492E-06	1.0E+10	0.292238371654922	1.04260948233566E-05	1.0E+10	3.05301161726164E-02	6.72295994181314E-06	1.0E+10	9.86389331419078E-03	3.75341266580137E-05	1.0E+10	3.85479361808547E-04	1E-30	8.0515809487538E-11	7.14205766354498E-02	2.42045548683007E-12	1.16278830109131E-10	14.6120287375544	3.72983941977977E-12	2.51155932746207E-10	17.1016581148407	1.73647027724627E-11	1.73451042119779E-10	10.6081349317526	9.3984358505314E-08	4.7913969824911E-11	5.01753918687545E-02	2.33183531832067E-07	5.6109582136998E-11	4.45390470713382E-02	1.0E+10	1E-30	1.0E-10	1.0E+10	1E-30	1.0E-10	1.0E+10	1E-30	1.0E-10	1.0E+10	1E-30	1.0E-10	1.0E+10	1E-30	1.0E-10
41	1.38557539008653E-07	1.0E+10	666666666.666667	1E-30	0.00000000005	1.0E+10	1E-30	1.0E+10	0.0112	1.12542000970334E-05	1.0E+10	0.176772828943489	1.5456964228422E-05	1.0E+10	0.020593299012654	4.60383608845061E-06	1.0E+10	7.85683444859655E-03	1.94306334956E-05	1.0E+10	7.44629926422557E-04	1.30756791025005E-12	3.44392339559334E-10	42.3724570257588	1.5081880595932E-11	8.67519832762482E-11	8.15047889821358	2.41321847277345E-09	1.16627539327745E-10	7.24739777324107E-02	1.02802110577542E-07	5.02854281490455E-11	0.034343875842322	2.91242312621721E-07	5.71816362219368E-11	3.51851373181679E-02	1.0E+10	1E-30	1.0E-10	1.0E+10	1E-30	1.0E-10	1.0E+10	1E-30	1.0E-10	1.0E+10	1E-30	1.0E-10	1.0E+10	1E-30	1.0E-10	1.0E+10	1E-30	1.0E-10
42	1.38557539008653E-07	1.0E+10	666666666.666667	1E-30	0.00000000005	1.0E+10	1E-30	1.0E+10	0.0112	1.12542000970334E-05	1.0E+10	0.176772828943489	1.5456964228422E-05	1.0E+10	0.020593299012654	4.60383608845061E-06	1.0E+10	7.85683444859655E-03	1.94306334956E-05	1.0E+10	7.44629926422557E-04	1.30756791025005E-12	3.44392339559334E-10	42.3724570257588	1.5081880595932E-11	8.67519832762482E-11	8.15047889821358	2.41321847277345E-09	1.16627539327745E-10	7.24739777324107E-02	1.02802110577542E-07	5.02854281490455E-11	0.034343875842322	2.91242312621721E-07	5.71816362219368E-11	3.51851373181679E-02	1.0E+10	1E-30	1.0E-10	1.0E+10	1E-30	1.0E-10	1.0E+10	1E-30	1.0E-10	1.0E+10	1E-30	1.0E-10	1.0E+10	1E-30	1.0E-10	1.0E+10	1E-30	1.0E-10
43	2.10134693295233E-07	1.0E+10	454545454.545455	1E-30	0.000000000025	1.0E+10	1E-30	1.0E+10	0.0068	1.57610099597323E-05	1.0E+10	0.126225209788681	2.05978158409549E-05	1.0E+10	1.28779789340128E-02	8.0658649835092E-06	1.0E+10	5.19260858527329E-03	1E-30	2.38671003933407E-10	7.99794210754231E-02	1.70631714748219E-12	3.21042613857417E-10	33.5333073092268	1.49501666170974E-11	1.38311452371516E-10	9.82679718055696	3.04082294860884E-07	4.50518073131958E-11	4.03449781106555E-02	5.45399069062687E-07	6.37086412375361E-11	4.57747045887375E-02	1.0E+10	1E-30	1.0E-10	1.0E+10	1E-30	1.0E-10	1.0E+10	1E-30	1.0E-10	1.0E+10	1E-30	1.0E-10	1.0E+10	1E-30	1.0E-10	1.0E+10	1E-30	1.0E-10	1.0E+10	1E-30	1.0E-10
44	2.10134693295233E-07	1.0E+10	454545454.545455	1E-30	0.000000000025	1.0E+10	1E-30	1.0E+10	0.0068	1.57610099597323E-05	1.0E+10	0.126225209788681	2.05978158409549E-05	1.0E+10	1.28779789340128E-02	8.0658649835092E-06	1.0E+10	5.19260858527329E-03	1E-30	2.38671003933407E-10	7.99794210754231E-02	1.70631714748219E-12	3.21042613857417E-10	33.5333073092268	1.49501666170974E-11	1.38311452371516E-10	9.82679718055696	3.04082294860884E-07	4.50518073131958E-11	4.03449781106555E-02	5.45399069062687E-07	6.37086412375361E-11	4.57747045887375E-02	1.0E+10	1E-30	1.0E-10	1.0E+10	1E-30	1.0E-10	1.0E+10	1E-30	1.0E-10	1.0E+10	1E-30	1.0E-10	1.0E+10	1E-30	1.0E-10	1.0E+10	1E-30	1.0E-10	1.0E+10	1E-30	1.0E-10
45	6.63887208276071E-07	1.0E+10	735294117.647059	1E-30	2.50979310771665E-12	1.0E+10	1E-30	1.0E+10	5.82787035649705E-03	5.28136985137896E-05	1.0E+10	3.77244900764441E-02	5.23395221814441E-05	1.0E+10	4.81449033553623E-03	1E-30	1.7645609362009E-10	4.44405601864708E-02	1E-30	2.22476533742218E-11	3.54091508533632E-02	1.58005882716294E-06	6.28922152797282E-11	2.67674275617169E-02	5.24173008702462E-07	7.26822530833744E-11	2.41249010586579E-02	1.41843574112899E-11	6.99836164647246E-11	8.20674649609478	1.37218362143563E-12	2.45192851880827E-10	200.675695765759	1.0E+10	1E-30	1.0E-10	1.0E+10	1E-30	1.0E-10	1.0E+10	1E-30	1.0E-10	1.0E+10	1E-30	1.0E-10	1.0E+10	1E-30	1.0E-10	1.0E+10	1E-30	1.0E-10	1.0E+10	1E-30	1.0E-10
46	6.57602531707789E-07	1.0E+10	735294117.647059	1E-30	7.51991961661961E-12	1.0E+10	1E-30	1.0E+10	5.97816918097603E-03	7.07681845891808E-05	1.0E+10	3.46426982743849E-02	1.05817067411139E-04	1.0E+10	7.76723857094674E-03	6.54476149163376E-05	1.0E+10	2.11637914283759E-03	1E-30	1.5505037638879E-10	4.28411689043667E-02	1E-30	1.21648939378732E-11	2.98341978496238E-02	1.47287930408373E-06	6.85685576128184E-11	2.78242749697639E-02	4.88562945397661E-07	7.33211840549345E-11	2.33014455687875E-02	1.63374131997671E-11	8.99624585397238E-11	9.87036682143773	1.53961642923453E-12	3.01968658402222E-10	69.7390008615477	1.0E+10	1E-30	1.0E-10	1.0E+10	1E-30	1.0E-10	1.0E+10	1E-30	1.0E-10	1.0E+10	1E-30	1.0E-10	1.0E+10	1E-30	1.0E-10	1.0E+10	1E-30	1.0E-10
47	9.95098562455348E-07	1.0E+10	500000000	1E-30	6.5048461521497E-11	1.0E+10	1E-30	1.0E+10	4.4557089582402E-03	2.23090158642202E-04	1.0E+10	19.6708424437108	4.08134490413577E-04	1.0E+10	1.94055898123532	2.7232435670197E-04	1.0E+10	0.771191933187114	1.98586108942411E-04	1.0E+10	0.204541425457077	2.75019852612257E-04	1.0E+10	0.040024066835949	1.713951791968E-04	1.0E+10	2.01711910233397E-02	1.01157203509066E-04	1.0E+10	6.57763417565466E-03	1E-30	1.51755280595539E-11	6.35671032883204E-02	1E-30	1.85652674391798E-10	3.79373608233567E-02	2.31741804392447E-06	8.96575527571182E-11	3.12283100536143E-02	1.01406377167206E-06	5.18972636122278E-11	1.64344382602433E-02	2.44658132571817E-12	2.13775144999544E-10	53.2798243873525	2.76250385247117E-13	8.01193097700859E-11	100000	1.0E+10	1E-30	1.0E-10	1.0E+10	1E-30	1.0E-10
48	1.00678050753181E-06	1.0E+10	500000000	1E-30	0.00000000001	1.0E+10	1E-30	1.0E+10	4.84164973897158E-03	9.95043760595221E-05	1.0E+10	36.7577745965119	1.4930076047527E-04	1.0E+10	3.72523883977792	1.19370172946687E-04	1.0E+10	0.46000617814449	1.25957233553368E-04	1.0E+10	0.049361708200055	7.90429453827284E-05	1.0E+10	8.82753657209313E-03	1E-30	2.31731850007052E-10	4.94152337306261E-02	1E-30	1.27168559456388E-11	3.32645708120826E-02	1.77652999496002E-06	1.08304231871809E-10	3.54979638921719E-02	1.07951310389495E-06	7.29783962547726E-11	2.64868527893307E-02	6.57256085957426E-12	1.21610732911351E-10	10.6709043275845	2.10911705566423E-12	1.87994469355038E-10	614.312709110852	1.0E+10	1E-30	1.0E-10	1.0E+10	1E-30	1.0E-10	1.0E+10	1E-30	1.0E-10	1.0E+10	1E-30	1.0E-10
49	9.95098562455348E-07	1.0E+10	500000000	1E-30	6.5048461521497E-11	1.0E+10	1E-30	1.0E+10	4.4557089582402E-03	2.23090158642202E-04	1.0E+10	19.6708424437108	4.08134490413577E-04	1.0E+10	1.94055898123532	2.7232435670197E-04	1.0E+10	0.771191933187114	1.98586108942411E-04	1.0E+10	0.204541425457077	2.75019852612257E-04	1.0E+10	0.040024066835949	1.713951791968E-04	1.0E+10	2.01711910233397E-02	1.01157203509066E-04	1.0E+10	6.57763417565466E-03	1E-30	1.51755280595539E-11	6.35671032883204E-02	1E-30	1.85652674391798E-10	3.79373608233567E-02	2.31741804392447E-06	8.96575527571182E-11	3.12283100536143E-02	1.01406377167206E-06	5.18972636122278E-11	1.64344382602433E-02	2.44658132571817E-12	2.13775144999544E-10	53.2798243873525	2.76250385247117E-13	8.01193097700859E-11	100000	1.0E+10	1E-30	1.0E-10	1.0E+10	1E-30	1.0E-10
50	2.14610428328926E-06	1.0E+10	227272727.272727	1E-30	5.8185067028435E-11	1.0E+10	1E-30	1.0E+10	2.75071357904205E-03	4.48531413936901E-04	1.0E+10	20.6146701853822	4.92842705891786E-04	1.0E+10	3.15933034482885	4.26958069843728E-04	1.0E+10	0.600267621604284	3.35705472940373E-04	1.0E+10	0.135759966807303	3.01045747641396E-04	1.0E+10	2.13844284701878E-02	2.36000447878818E-04	1.0E+10	3.55717781047894E-03	1E-30	2.81636438320545E-11	0.044239348280551	1E-30	2.9864112184994E-10	2.83469464703105E-02	3.89611199368168E-06	1.52258292848263E-10	3.60533969360127E-02	3.31391962437611E-06	6.66986504024004E-11	1.95185775768186E-02	8.10052017777662E-12	8.12206808293968E-11	13.098331102944	1.74176838820133E-12	2.51606595140063E-10	53.7502893002999	1.0E+10	1E-30	1.0E-10	1.0E+10	1E-30	1.0E-10	1.0E+10	1E-30	1.0E-10
51	2.16012810998322E-06	1.0E+10	227272727.272727	1E-30	3.7767762353825E-11	1.0E+10	1E-30	1.0E+10	3.56653674448848E-03	2.52890070410197E-04	1.0E+10	14.5558468947958	2.81803892783068E-04	1.0E+10	1.24528613897823	2.75275694628457E-04	1.0E+10	0.15354550578731	2.94418974074351E-04	1.0E+10	2.11498160546202E-02	1.7336138455831E-04	1.0E+10	3.79296981882018E-03	1.0193455650584E-03	1.0E+10	3.21815523349634E-03	1E-30	1.85621828446846E-10	2.49749237759649E-02	1E-30	1.66245441017746E-11	1.68780017196189E-02	5.73512707195949E-06	5.22055942471523E-11	1.05043391215083E-02	2.17059982852491E-06	4.76902081169145E-11	9.4470255190013E-03	7.92144936995997E-12	1.69916637349672E-10	19.4549544290454	2.50069541492728E-12	2.0591306839945E-10	48.1314645252604	1.0E+10	1E-30	1.0E-10	1.0E+10	1E-30	1.0E-10	1.0E+10	1E-30	1.0E-10
52	2.15770232410972E-06	1.0E+10	227272727.272727	1E-30	2.81838293126445E-11	1.0E+10	1E-30	1.0E+10	3.06995041546404E-03	2.11558081154055E-04	1.0E+10	23.7593137156459	2.93342249498335E-04	1.0E+10	1.601309181114	2.54071658574561E-04	1.0E+10	0.187402427664662	3.57404276339039E-04	1.0E+10	1.66132097904531E-02	9.61771336922313E-04	1.0E+10	4.29394618340577E-03	2.27887141597575E-04	1.0E+10	3.52256308976568E-03	1E-30	2.39350466805011E-10	2.75486149554444E-02	1E-30	1.21590938156026E-11	7.88363731328428E-03	5.01472754018871E-06	8.81562113102264E-11	2.01131180900747E-02	2.37554008621412E-06	7.15211615017423E-11	1.77265491095307E-02	1.01319062176063E-11	1.64703016622954E-10	12.8536730757884	2.19428220346689E-12	2.60454440271053E-10	42.1428900870753	1.0E+10	1E-30	1.0E-10	1.0E+10	1E-30	1.0E-10	1.0E+10	1E-30	1.0E-10
53	2.14610428328926E-06	1.0E+10	227272727.272727	1E-30	5.8185067028435E-11	1.0E+10	1E-30	1.0E+10	2.75071357904205E-03	4.48531413936901E-04	1.0E+10	20.6146701853822	4.92842705891786E-04	1.0E+10	3.15933034482885	4.26958069843728E-04	1.0E+10	0.600267621604284	3.35705472940373E-04	1.0E+10	0.135759966807303	3.01045747641396E-04	1.0E+10	2.13844284701878E-02	2.36000447878818E-04	1.0E+10	3.55717781047894E-03	1E-30	2.81636438320545E-11	0.044239348280551	1E-30	2.9864112184994E-10	2.83469464703105E-02	3.89611199368168E-06	1.52258292848263E-10	3.60533969360127E-02	3.31391962437611E-06	6.66986504024004E-11	1.95185775768186E-02	8.10052017777662E-12	8.12206808293968E-11	13.098331102944	1.74176838820133E-12	2.51606595140063E-10	53.7502893002999	1.0E+10	1E-30	1.0E-10	1.0E+10	1E-30	1.0E-10	1.0E+10	1E-30	1.0E-10
54	4.55429203394327E-06	1.0E+10	106382978.723404	1E-30	7.04938532963717E-11	1.0E+10	1E-30	1.0E+10	2.16202364228141E-03	4.26358007898184E-04	1.0E+10	9.9899314668226	6.40328159837735E-04	1.0E+10	0.651209012642549	6.04243700776556E-04	1.0E+10	8.41187658076298E-02	6.73964394645064E-04	1.0E+10	1.10735273260984E-02	5.48760885994368E-04	1.0E+10	2.09341665129773E-03	1E-30	2.16276699080628E-11	4.09294941246615E-02	1E-30	3.39535927286783E-10	2.39855727314787E-02	1E-30	1.87661669024384E-11	8.65968382618855E-03	8.37977308576674E-06	1.33980169047962E-10	1.92057059930222E-02	6.34822339520895E-06	7.74537303662111E-11	1.37344883509369E-02	1.77950891682596E-12	2.3699246597965E-10	57.4588513755078	1.0E+10	1E-30	1.0E-10	1.0E+10	1E-30	1.0E-10	1.0E+10	1E-30	1.0E-10	1.0E+10	1E-30	1.0E-10
55	0.00000441	1.0E+10	106382978.723404	1E-30	1.30520885530013E-10	1.0E+10	1E-30	1.0E+10	2.13084194797659E-03	5.56391369150707E-04	1.0E+10	9.92939957296718	6.32470777157687E-04	1.0E+10	0.846622255169512	5.88475028218186E-04	1.0E+10	0.123225164923857	6.49980327391343E-04	1.0E+10	1.46193808204256E-02	4.72129802584891E-04	1.0E+10	2.84129421197208E-03	1E-30	2.54813004674768E-11	4.00259331762697E-02	1E-30	3.30746542113974E-10	2.49374468650997E-02	7.67463026795285E-06	1.47608375937811E-10	2.30419993515638E-02	5.89300694930587E-06	7.779846490139E-11	1.35037124901611E-02	9.62257614171091E-12	7.00101586942109E-11	7.94355369422496	3.74025770854171E-12	9.95932314437974E-11	85.1037310762998	1.0E+10	1E-30	1.0E-10	1.0E+10	1E-30	1.0E-10	1.0E+10	1E-30	1.0E-10	1.0E+10	1E-30	1.0E-10
56	4.56781062869999E-06	1.0E+10	106382978.723404	1E-30	4.97876072231268E-12	1.0E+10	1E-30	1.0E+10	2.26627526358044E-03	6.28331133658713E-04	1.0E+10	7.37531674835583	6.00225032929395E-04	1.0E+10	0.782592547061547	4.89993394270227E-04	1.0E+10	0.097172015325989	6.12940141834877E-04	1.0E+10	9.32314250039168E-03	4.99361093513715E-04	1.0E+10	2.15609297433504E-03	1E-30	2.90915363272914E-10	1.94337369419531E-02	1E-30	1.21868672848571E-11	7.14950411683555E-03	1.14572568935199E-05	8.69685568363321E-11	1.19294626108455E-02	6.7134976276558E-06	6.08245973054576E-11	0.011197629329334	1.15257626196232E-11	1.76761503494425E-10	13.7982217318703	2.19180990879991E-12	2.91238420413864E-10	45.4962774183502	1.0E+10	1E-30	1.0E-10	1.0E+10	1E-30	1.0E-10	1.0E+10	1E-30	1.0E-10	1.0E+10	1E-30	1.0E-10
57	4.66897384184367E-06	1.0E+10	106382978.723404	1E-30	3.98107170553497E-11	1.0E+10	1E-30	1.0E+10	2.40843645390505E-03	4.59058121753348E-04	1.0E+10	5.15907884799007	5.45568396667398E-04	1.0E+10	0.341844985453406	5.09637455007446E-04	1.0E+10	0.03663826914796	4.98982049010847E-04	1.0E+10	4.83002887966686E-03	1E-30	2.85885580188322E-10	1.87941313720239E-02	1E-30	2.32453527250892E-11	1.43458733678044E-02	1.15738611698925E-05	8.68407720321787E-11	1.31637141392501E-02	6.12176936878069E-06	6.73887728034472E-11	1.12465953123587E-02	9.73186237098278E-12	1.82234071809087E-10	21.9072144938489	2.34182203698197E-12	2.65881113371138E-10	47.1577367028569	1.0E+10	1E-30	1.0E-10	1.0E+10	1E-30	1.0E-10	1.0E+10	1E-30	1.0E-10	1.0E+10	1E-30	1.0E-10	1.0E+10	1E-30	1.0E-10
58	4.56781062869999E-06	1.0E+10	106382978.723404	1E-30	4.97876072231268E-12	1.0E+10	1E-30	1.0E+10	2.26627526358044E-03	6.28331133658713E-04	1.0E+10	7.37531674835583	6.00225032929395E-04	1.0E+10	0.782592547061547	4.89993394270227E-04	1.0E+10	0.097172015325989	6.12940141834877E-04	1.0E+10	9.32314250039168E-03	4.99361093513715E-04	1.0E+10	2.15609297433504E-03	1E-30	2.90915363272914E-10	1.94337369419531E-02	1E-30	1.21868672848571E-11	7.14950411683555E-03	1.14572568935199E-05	8.69685568363321E-11	1.19294626108455E-02	6.7134976276558E-06	6.08245973054576E-11	0.011197629329334	1.15257626196232E-11	1.76761503494425E-10	13.7982217318703	2.19180990879991E-12	2.91238420413864E-10	45.4962774183502	1.0E+10	1E-30	1.0E-10	1.0E+10	1E-30	1.0E-10	1.0E+10	1E-30	1.0E-10	1.0E+10	1E-30	1.0E-10
59	4.54053755568771E-06	1.0E+10	10638297.8723404	1E-30	1.99583806901718E-11	1.0E+10	1E-30	1.0E+10	2.17094628218746E-03	6.44067144697851E-04	1.0E+10	4.83565454181797	7.40264772322182E-04	1.0E+10	0.541027506416287	6.33284982382724E-04	1.0E+10	9.62616199614421E-02	6.60293790852247E-04	1.0E+10	1.31338253713786E-02	5.34205278552519E-04	1.0E+10	2.3957140135582E-03	1E-30	2.77960084858628E-11	3.37057709923188E-02	1E-30	3.73811157618408E-10	2.75306270176324E-02	9.0003869819587E-06	1.31553515942903E-10	1.89966938155265E-02	5.99595994001883E-06	8.04122860305382E-11	1.27264197521283E-02	4.66692245101064E-11	3.10863426731853E-11	2.72902462534417	3.15048000054892E-11	2.93650793566917E-11	2.69735877246408	1.39293274704136E-12	2.44207474711796E-10	124.351575999924	1.0E+10	1E-30	1.0E-10	1.0E+10	1E-30	1.0E-10	1.0E+10	1E-30	1.0E-10
60	4.54053755568771E-06	1.0E+10	10638297.8723404	1E-30	1.99583806901718E-11	1.0E+10	1E-30	1.0E+10	2.17094628218746E-03	6.44067144697851E-04	1.0E+10	4.83565454181797	7.40264772322182E-04	1.0E+10	0.541027506416287	6.33284982382724E-04	1.0E+10	9.62616199614421E-02	6.60293790852247E-04	1.0E+10	1.31338253713786E-02	5.34205278552519E-04	1.0E+10	2.3957140135582E-03	1E-30	2.77960084858628E-11	3.37057709923188E-02	1E-30	3.73811157618408E-10	2.75306270176324E-02	9.0003869819587E-06	1.31553515942903E-10	1.89966938155265E-02	5.99595994001883E-06	8.04122860305382E-11	1.27264197521283E-02	4.66692245101064E-11	3.10863426731853E-11	2.72902462534417	3.15048000054892E-11	2.93650793566917E-11	2.69735877246408	1.39293274704136E-12	2.44207474711796E-10	124.351575999924	1.0E+10	1E-30	1.0E-10	1.0E+10	1E-30	1.0E-10	1.0E+10	1E-30	1.0E-10
61	7.25828005411612E-06	1.0E+10	50000000	1E-30	1.14056818896168E-11	1.0E+10	1E-30	1.0E+10	2.46266648525089E-03	1.79434391534199E-04	1.0E+10	19.0736869236877	1.89548152541319E-04	1.0E+10	1.58698644969644	1.65951854396324E-04	1.0E+10	0.144047652581382	1.86632100998613E-04	1.0E+10	1.46170058393856E-02	1.16467904446371E-04	1.0E+10	3.46521342722876E-03	1E-30	2.43296410586543E-11	3.75421845790392E-02	1E-30	2.64446216426366E-10	1.72423732982534E-02	1E-30	1.90761242795732E-11	8.83585230677895E-03	1.4654767673244E-05	6.95968286983409E-11	6.10623933346048E-03	7.4739070924777E-06	5.34988549472767E-11	6.78841929227073E-03	2.14858875957847E-11	4.55990679108299E-11	6.1700247266249	1.58933316024766E-12	2.25012802157153E-10	88.6201853678858	1.0E+10	1E-30	1.0E-10	1.0E+10	1E-30	1.0E-10	1.0E+10	1E-30	1.0E-10
62	9.53993890714852E-06	1.0E+10	50000000	1E-30	4.75467957738334E-11	1.0E+10	1E-30	1.0E+10	1.68632153043262E-03	1.01632388624549E-03	1.0E+10	3.73512207552443	1.23883726017736E-03	1.0E+10	0.317835119355449	1.08437951893258E-03	1.0E+10	5.65653044441536E-02	1.30254469406129E-03	1.0E+10	6.56438663036686E-03	8.85093100922878E-04	1.0E+10	1.61371459164158E-03	1E-30	2.50776719821236E-11	3.29088914940142E-02	1E-30	4.244561576851E-10	1.55321040103825E-02	1E-30	1.91870946888226E-11	4.14131535844295E-03	1.85890720774306E-05	1.28566470871049E-10	9.46759280080295E-03	2.04979132388871E-05	5.00827214544128E-11	6.17881258980563E-03	1.30083274413362E-11	8.32735061566769E-11	8.02794322580005	2.30310156715555E-12	1.68116825279877E-10	81.3162033191974	1.0E+10	1E-30	1.0E-10	1.0E+10	1E-30	1.0E-10	1.0E+10	1E-30	1.0E-10
63	9.53993890714852E-06	1.0E+10	50000000	1E-30	4.75467957738334E-11	1.0E+10	1E-30	1.0E+10	1.68632153043262E-03	1.01632388624549E-03	1.0E+10	3.73512207552443	1.23883726017736E-03	1.0E+10	0.317835119355449	1.08437951893258E-03	1.0E+10	5.65653044441536E-02	1.30254469406129E-03	1.0E+10	6.56438663036686E-03	8.85093100922878E-04	1.0E+10	1.61371459164158E-03	1E-30	2.50776719821236E-11	3.29088914940142E-02	1E-30	4.244561576851E-10	1.55321040103825E-02	1E-30	1.91870946888226E-11	4.14131535844295E-03	1.85890720774306E-05	1.28566470871049E-10	9.46759280080295E-03	2.04979132388871E-05	5.00827214544128E-11	6.17881258980563E-03	1.30083274413362E-11	8.32735061566769E-11	8.02794322580005	2.30310156715555E-12	1.68116825279877E-10	81.3162033191974	1.0E+10	1E-30	1.0E-10	1.0E+10	1E-30	1.0E-10	1.0E+10	1E-30	1.0E-10
64	9.53993890714852E-06	1.0E+10	50000000	1E-30	4.75467957738334E-11	1.0E+10	1E-30	1.0E+10	1.68632153043262E-03	1.01632388624549E-03	1.0E+10	3.73512207552443	1.23883726017736E-03	1.0E+10	0.317835119355449	1.08437951893258E-03	1.0E+10	5.65653044441536E-02	1.30254469406129E-03	1.0E+10	6.56438663036686E-03	8.85093100922878E-04	1.0E+10	1.61371459164158E-03	1E-30	2.50776719821236E-11	3.29088914940142E-02	1E-30	4.244561576851E-10	1.55321040103825E-02	1E-30	1.91870946888226E-11	4.14131535844295E-03	1.85890720774306E-05	1.28566470871049E-10	9.46759280080295E-03	2.04979132388871E-05	5.00827214544128E-11	6.17881258980563E-03	1.30083274413362E-11	8.32735061566769E-11	8.02794322580005	2.30310156715555E-12	1.68116825279877E-10	81.3162033191974	1.0E+10	1E-30	1.0E-10	1.0E+10	1E-30	1.0E-10	1.0E+10	1E-30	1.0E-10
65	9.53993890714852E-06	1.0E+10	50000000	1E-30	4.75467957738334E-11	1.0E+10	1E-30	1.0E+10	1.68632153043262E-03	1.01632388624549E-03	1.0E+10	3.73512207552443	1.23883726017736E-03	1.0E+10	0.317835119355449	1.08437951893258E-03	1.0E+10	5.65653044441536E-02	1.30254469406129E-03	1.0E+10	6.56438663036686E-03	8.85093100922878E-04	1.0E+10	1.61371459164158E-03	1E-30	2.50776719821236E-11	3.29088914940142E-02	1E-30	4.244561576851E-10	1.55321040103825E-02	1E-30	1.91870946888226E-11	4.14131535844295E-03	1.85890720774306E-05	1.28566470871049E-10	9.46759280080295E-03	2.04979132388871E-05	5.00827214544128E-11	6.17881258980563E-03	1.30083274413362E-11	8.32735061566769E-11	8.02794322580005	2.30310156715555E-12	1.68116825279877E-10	81.3162033191974	1.0E+10	1E-30	1.0E-10	1.0E+10	1E-30	1.0E-10	1.0E+10	1E-30	1.0E-10
66	9.76457590594122E-06	1.0E+10	50000000	1E-30	1.19470485769389E-10	1.0E+10	1E-30	1.0E+10	1.83476122446446E-03	1.18066586563065E-03	1.0E+10	4.39726272011216	1.56933775833845E-03	1.0E+10	0.514050359974776	1.34193647605164E-03	1.0E+10	0.111209879597289	1.79863278751856E-03	1.0E+10	1.98362101176975E-02	0.001258567989293	1.0E+10	5.22036585730281E-03	1.35270044776537E-03	1.0E+10	1.06052389415399E-03	1E-30	9.64573742948707E-12	4.80284813449433E-02	1E-30	3.80204359161342E-11	0.026543271591202	1E-30	3.45962178582868E-10	1.62337044074197E-02	2.21382517068286E-05	1.06634373164568E-10	8.98642230196996E-03	1.26872192070009E-05	7.77912067218963E-11	6.95545671686189E-03	1.43299607037892E-11	7.2297201471475E-11	6.89372377202599	2.63542047896181E-12	1.41345320262892E-10	76.2079380165686	1.0E+10	1E-30	1.0E-10	1.0E+10	1E-30	1.0E-10
67	9.76457590594122E-06	1.0E+10	50000000	1E-30	1.19470485769389E-10	1.0E+10	1E-30	1.0E+10	1.83476122446446E-03	1.18066586563065E-03	1.0E+10	4.39726272011216	1.56933775833845E-03	1.0E+10	0.514050359974776	1.34193647605164E-03	1.0E+10	0.111209879597289	1.79863278751856E-03	1.0E+10	1.98362101176975E-02	0.001258567989293	1.0E+10	5.22036585730281E-03	1.35270044776537E-03	1.0E+10	1.06052389415399E-03	1E-30	9.64573742948707E-12	4.80284813449433E-02	1E-30	3.80204359161342E-11	0.026543271591202	1E-30	3.45962178582868E-10	1.62337044074197E-02	2.21382517068286E-05	1.06634373164568E-10	8.98642230196996E-03	1.26872192070009E-05	7.77912067218963E-11	6.95545671686189E-03	1.43299607037892E-11	7.2297201471475E-11	6.89372377202599	2.63542047896181E-12	1.41345320262892E-10	76.2079380165686	1.0E+10	1E-30	1.0E-10	1.0E+10	1E-30	1.0E-10
68	9.73677754668327E-06	1.0E+10	50000000	1E-30	2.32874134988607E-11	1.0E+10	1E-30	1.0E+10	1.83596829219785E-03	1.26156110428074E-03	1.0E+10	3.45484559579499	1.3407723303919E-03	1.0E+10	0.329504312801293	1.13054843886209E-03	1.0E+10	4.61787593207414E-02	1.6245361889729E-03	1.0E+10	5.26207926065241E-03	1.24855867127738E-03	1.0E+10	1.52696776045854E-03	1E-30	4.39465359922909E-11	2.96128806941211E-02	1E-30	4.22475550255195E-10	1.46610249736042E-02	2.24837399483218E-05	1.17750681647089E-10	1.00838899065609E-02	2.14153439100369E-05	5.53405625118856E-11	7.13405544269623E-03	1.05223302068044E-11	1.70433115431587E-10	12.8860829033534	2.261049873803E-12	2.85683172624646E-10	36.2514859244358	1.0E+10	1E-30	1.0E-10	1.0E+10	1E-30	1.0E-10	1.0E+10	1E-30	1.0E-10	1.0E+10	1E-30	1.0E-10
69	9.50059301351521E-06	1.0E+10	50000000	1E-30	4.64644985673744E-11	1.0E+10	1E-30	1.0E+10	1.46544535525686E-03	1.21436714245221E-03	1.0E+10	3.81609562016694	1.57299181847579E-03	1.0E+10	0.298623064540463	1.86317680883854E-03	1.0E+10	3.21719485407295E-02	1.61899999898234E-03	1.0E+10	5.18830550758152E-03	2.94609568823772E-03	1.0E+10	7.32867632243191E-04	1E-30	2.4857441922983E-11	0.044690513650666	1E-30	5.1537225944364E-10	0.018798058406632	1E-30	2.44914834647356E-11	6.44595534583086E-03	1.54860939940331E-05	1.94755812954221E-10	1.71216965417382E-02	1.47468105521661E-05	8.95401126491041E-11	1.09900652036017E-02	1.54482919012671E-12	2.48499067389025E-10	62.5250957396357	1.0E+10	1E-30	1.0E-10	1.0E+10	1E-30	1.0E-10	1.0E+10	1E-30	1.0E-10	1.0E+10	1E-30	1.0E-10
70	9.50059301351521E-06	1.0E+10	50000000	1E-30	4.64644985673744E-11	1.0E+10	1E-30	1.0E+10	1.46544535525686E-03	1.21436714245221E-03	1.0E+10	3.81609562016694	1.57299181847579E-03	1.0E+10	0.298623064540463	1.86317680883854E-03	1.0E+10	3.21719485407295E-02	1.61899999898234E-03	1.0E+10	5.18830550758152E-03	2.94609568823772E-03	1.0E+10	7.32867632243191E-04	1E-30	2.4857441922983E-11	0.044690513650666	1E-30	5.1537225944364E-10	0.018798058406632	1E-30	2.44914834647356E-11	6.44595534583086E-03	1.54860939940331E-05	1.94755812954221E-10	1.71216965417382E-02	1.47468105521661E-05	8.95401126491041E-11	1.09900652036017E-02	1.54482919012671E-12	2.48499067389025E-10	62.5250957396357	1.0E+10	1E-30	1.0E-10	1.0E+10	1E-30	1.0E-10	1.0E+10	1E-30	1.0E-10	1.0E+10	1E-30	1.0E-10
71	0.0000093	1.0E+10	50000000	1E-30	1.86617321424213E-11	1.0E+10	1E-30	1.0E+10	1.46597996727126E-03	1.16176540348061E-03	1.0E+10	4.57289239399921	2.07784356178209E-03	1.0E+10	0.294516238186207	1.77463358400079E-03	1.0E+10	6.00439045844793E-02	0.001990990152431	1.0E+10	8.67977585583619E-03	1.91580283232013E-03	1.0E+10	1.41688325423044E-03	1E-30	9.99519362347874E-12	5.33814056598382E-02	1E-30	3.0660205971152E-11	2.63337329440616E-02	1E-30	4.455211858852E-10	1.91457165975877E-02	1.51089028646723E-05	1.90140016046585E-10	1.65655998079084E-02	1.57718988002422E-05	7.82528583723524E-11	1.04639014416176E-02	2.23818142653917E-11	3.95769639285149E-11	2.93668117884881	3.36540351884213E-12	1.10686385611911E-10	59.6778244819261	2.95367074623537E-13	1.27255924336171E-10	100000	1.0E+10	1E-30	1.0E-10	1.0E+10	1E-30	1.0E-10
72	0.0000093	1.0E+10	50000000	1E-30	1.86617321424213E-11	1.0E+10	1E-30	1.0E+10	1.46597996727126E-03	1.16176540348061E-03	1.0E+10	4.57289239399921	2.07784356178209E-03	1.0E+10	0.294516238186207	1.77463358400079E-03	1.0E+10	6.00439045844793E-02	0.001990990152431	1.0E+10	8.67977585583619E-03	1.91580283232013E-03	1.0E+10	1.41688325423044E-03	1E-30	9.99519362347874E-12	5.33814056598382E-02	1E-30	3.0660205971152E-11	2.63337329440616E-02	1E-30	4.455211858852E-10	1.91457165975877E-02	1.51089028646723E-05	1.90140016046585E-10	1.65655998079084E-02	1.57718988002422E-05	7.82528583723524E-11	1.04639014416176E-02	2.23818142653917E-11	3.95769639285149E-11	2.93668117884881	3.36540351884213E-12	1.10686385611911E-10	59.6778244819261	2.95367074623537E-13	1.27255924336171E-10	100000	1.0E+10	1E-30	1.0E-10	1.0E+10	1E-30	1.0E-10
73	9.50059301351521E-06	1.0E+10	50000000	1E-30	4.64644985673744E-11	1.0E+10	1E-30	1.0E+10	1.46544535525686E-03	1.21436714245221E-03	1.0E+10	3.81609562016694	1.57299181847579E-03	1.0E+10	0.298623064540463	1.86317680883854E-03	1.0E+10	3.21719485407295E-02	1.61899999898234E-03	1.0E+10	5.18830550758152E-03	2.94609568823772E-03	1.0E+10	7.32867632243191E-04	1E-30	2.4857441922983E-11	0.044690513650666	1E-30	5.1537225944364E-10	0.018798058406632	1E-30	2.44914834647356E-11	6.44595534583086E-03	1.54860939940331E-05	1.94755812954221E-10	1.71216965417382E-02	1.47468105521661E-05	8.95401126491041E-11	1.09900652036017E-02	1.54482919012671E-12	2.48499067389025E-10	62.5250957396357	1.0E+10	1E-30	1.0E-10	1.0E+10	1E-30	1.0E-10	1.0E+10	1E-30	1.0E-10	1.0E+10	1E-30	1.0E-10
74	9.62295476275655E-06	1.0E+10	50000000	1E-30	5.66906945020978E-11	1.0E+10	1E-30	1.0E+10	1.41589614801836E-03	2.22431070590772E-03	1.0E+10	1.61834555609091	2.39750616802645E-03	1.0E+10	0.277541277555433	2.44142065002116E-03	1.0E+10	3.99510168367437E-02	5.39119423232046E-03	1.0E+10	1.46638512227009E-02	2.94585415857794E-03	1.0E+10	5.23503352523165E-03	1.48535907534007E-03	1.0E+10	2.08296800190014E-03	1E-30	1.99747736367897E-11	4.55432108047655E-02	1E-30	4.47595555586178E-10	1.76217179107042E-02	1E-30	3.0886452066234E-11	1.12417394085536E-02	1.66913395833418E-05	1.86070524318944E-10	1.57563142202777E-02	1.33698266209765E-05	9.62761771244477E-11	1.00785491314777E-02	2.01538701500999E-11	5.87907904939344E-11	5.95199821511477	2.01588382189805E-12	1.82954849738453E-10	74.8369266353905	1.0E+10	1E-30	1.0E-10	1.0E+10	1E-30	1.0E-10
75	9.62295476275655E-06	1.0E+10	50000000	1E-30	5.66906945020978E-11	1.0E+10	1E-30	1.0E+10	1.41589614801836E-03	2.22431070590772E-03	1.0E+10	1.61834555609091	2.39750616802645E-03	1.0E+10	0.277541277555433	2.44142065002116E-03	1.0E+10	3.99510168367437E-02	5.39119423232046E-03	1.0E+10	1.46638512227009E-02	2.94585415857794E-03	1.0E+10	5.23503352523165E-03	1.48535907534007E-03	1.0E+10	2.08296800190014E-03	1E-30	1.99747736367897E-11	4.55432108047655E-02	1E-30	4.47595555586178E-10	1.76217179107042E-02	1E-30	3.0886452066234E-11	1.12417394085536E-02	1.66913395833418E-05	1.86070524318944E-10	1.57563142202777E-02	1.33698266209765E-05	9.62761771244477E-11	1.00785491314777E-02	2.01538701500999E-11	5.87907904939344E-11	5.95199821511477	2.01588382189805E-12	1.82954849738453E-10	74.8369266353905	1.0E+10	1E-30	1.0E-10	1.0E+10	1E-30	1.0E-10
76	9.44393869593273E-06	1.0E+10	50000000	1E-30	1.61847693031208E-10	1.0E+10	1E-30	1.0E+10	1.57159702484979E-03	1.48350575558365E-03	1.0E+10	1.74807379770969	2.06463361617211E-03	1.0E+10	0.221950209466723	1.9665250020509E-03	1.0E+10	3.98632696412339E-02	3.26345941259446E-03	1.0E+10	3.82484160498294E-03	2.39212497556856E-03	1.0E+10	1.09918578514908E-03	1E-30	1.45167816273938E-11	8.00913017719915E-02	1E-30	4.32385327296352E-11	2.77851487942871E-02	1E-30	4.88878990065438E-10	1.83787426761078E-02	2.05673729267873E-05	1.42724102170572E-10	1.28940921576161E-02	1.79214351264882E-05	7.00082639630526E-11	7.54508982547204E-03	5.23916211312187E-11	2.46844668432739E-11	2.4245897726346	2.34888987371086E-11	3.02280897120282E-11	3.27885835955607	5.13378967736509E-12	6.8291136368151E-11	23.3977106305404	1.0E+10	1E-30	1.0E-10	1.0E+10	1E-30	1.0E-10
77	9.44393869593273E-06	1.0E+10	50000000	1E-30	1.61847693031208E-10	1.0E+10	1E-30	1.0E+10	1.57159702484979E-03	1.48350575558365E-03	1.0E+10	1.74807379770969	2.06463361617211E-03	1.0E+10	0.221950209466723	1.9665250020509E-03	1.0E+10	3.98632696412339E-02	3.26345941259446E-03	1.0E+10	3.82484160498294E-03	2.39212497556856E-03	1.0E+10	1.09918578514908E-03	1E-30	1.45167816273938E-11	8.00913017719915E-02	1E-30	4.32385327296352E-11	2.77851487942871E-02	1E-30	4.88878990065438E-10	1.83787426761078E-02	2.05673729267873E-05	1.42724102170572E-10	1.28940921576161E-02	1.79214351264882E-05	7.00082639630526E-11	7.54508982547204E-03	5.23916211312187E-11	2.46844668432739E-11	2.4245897726346	2.34888987371086E-11	3.02280897120282E-11	3.27885835955607	5.13378967736509E-12	6.8291136368151E-11	23.3977106305404	1.0E+10	1E-30	1.0E-10	1.0E+10	1E-30	1.0E-10
78	8.91839926819392E-06	1.0E+10	50000000	1E-30	1.84153938986396E-10	1.0E+10	1E-30	1.0E+10	1.33030138240947E-03	0.001442514642162	1.0E+10	1.75693258804595	2.81698436873828E-03	1.0E+10	0.187422614218294	1.98035980684699E-03	1.0E+10	5.55828941998735E-02	2.22083220448811E-03	1.0E+10	6.94564694948926E-03	1.84870475408421E-03	1.0E+10	1.00396475867404E-03	1E-30	1.35292855952518E-11	0.050880076526386	1E-30	3.94196121422605E-11	0.020200177478882	1E-30	5.22910435091319E-10	1.80843304302331E-02	1.86324851613543E-05	1.48538682134343E-10	0.015966800626606	1.56074176923705E-05	7.98579714884953E-11	9.51481187197005E-03	2.5188944357411E-11	3.71942341849207E-11	3.55653658662995	5.52999781279405E-12	5.8356801440139E-11	20.8816698179885	1.0E+10	1E-30	1.0E-10	1.0E+10	1E-30	1.0E-10	1.0E+10	1E-30	1.0E-10
79	1.70335430965075E-05	1.0E+10	22727272.7272727	1E-30	1.19432151166049E-11	1.0E+10	1E-30	1.0E+10	2.18768534074869E-03	4.52616622777433E-04	1.0E+10	9.08894243188961	4.68774526245471E-04	1.0E+10	0.795950038631908	4.72439625295762E-04	1.0E+10	0.100782498055391	4.2934905616659E-04	1.0E+10	1.34931212398437E-02	3.99307559790009E-04	1.0E+10	2.67423384968515E-03	1E-30	4.60502995901641E-11	0.025259942214957	1E-30	2.77428549171873E-10	1.24896020955248E-02	3.43681072811161E-05	1.14948309837011E-10	5.87957013244385E-03	1.48041642587461E-05	1.09856177211348E-10	5.48421510558853E-03	7.84364471223768E-12	1.61177906835458E-10	20.7289450889988	2.31808976781714E-12	2.32602542802831E-10	42.2045840365824	1.0E+10	1E-30	1.0E-10	1.0E+10	1E-30	1.0E-10	1.0E+10	1E-30	1.0E-10	1.0E+10	1E-30	1.0E-10
80	2.18240827684366E-05	1.0E+10	2272727.27272727	1E-30	1.06898104475112E-11	1.0E+10	1E-30	1.0E+10	1.39962479466628E-03	1.9147170762216E-03	1.0E+10	1.630554165738	2.14346548992555E-03	1.0E+10	0.111474691403145	2.88625164588457E-03	1.0E+10	9.67761846729921E-03	2.54967310756158E-03	1.0E+10	1.79706275213328E-03	1E-30	3.80140600019052E-11	2.41165235899087E-02	1E-30	4.67225600385842E-10	1.40629691841271E-02	4.5200106382247E-05	1.63324163600625E-10	7.8886555653964E-03	2.76707968946019E-05	1.1566037570233E-10	5.99312686167726E-03	8.11123061826671E-12	1.05318177298096E-10	6.82941090875039	2.0306085960855E-12	1.88992410471905E-10	96.5748323517108	1.0E+10	1E-30	1.0E-10	1.0E+10	1E-30	1.0E-10	1.0E+10	1E-30	1.0E-10	1.0E+10	1E-30	1.0E-10	1.0E+10	1E-30	1.0E-10
81	2.18240827684366E-05	1.0E+10	2272727.27272727	1E-30	1.06898104475112E-11	1.0E+10	1E-30	1.0E+10	1.39962479466628E-03	1.9147170762216E-03	1.0E+10	1.630554165738	2.14346548992555E-03	1.0E+10	0.111474691403145	2.88625164588457E-03	1.0E+10	9.67761846729921E-03	2.54967310756158E-03	1.0E+10	1.79706275213328E-03	1E-30	3.80140600019052E-11	2.41165235899087E-02	1E-30	4.67225600385842E-10	1.40629691841271E-02	4.5200106382247E-05	1.63324163600625E-10	7.8886555653964E-03	2.76707968946019E-05	1.1566037570233E-10	5.99312686167726E-03	8.11123061826671E-12	1.05318177298096E-10	6.82941090875039	2.0306085960855E-12	1.88992410471905E-10	96.5748323517108	1.0E+10	1E-30	1.0E-10	1.0E+10	1E-30	1.0E-10	1.0E+10	1E-30	1.0E-10	1.0E+10	1E-30	1.0E-10	1.0E+10	1E-30	1.0E-10
82	1.65772674492877E-05	1.0E+10	2272727.27272727	1E-30	0.000000000023	1.0E+10	1E-30	1.0E+10	1.87907170196971E-03	8.27244183019795E-04	1.0E+10	10.1640116679166	7.70699475014624E-04	1.0E+10	2.32284134713281	7.10229941223739E-04	1.0E+10	0.360907889105264	6.14982194315845E-04	1.0E+10	0.057261081963293	8.07437323039621E-04	1.0E+10	7.02360470132038E-03	5.99142793091702E-04	1.0E+10	2.68368172839452E-03	1E-30	8.61057911841446E-12	2.71164518936984E-02	1E-30	3.7120731699189E-11	1.96586588924933E-02	1E-30	3.98458713190035E-10	1.42425119732243E-02	3.10771314553666E-05	1.50527649292096E-10	9.57696623850011E-03	2.48922820088852E-05	8.00626572706459E-11	6.39374658518997E-03	2.98325085897168E-11	3.94922637706982E-11	7.62135720947601	1.32629119243246E-12	0.00000000027	80	1.0E+10	1E-30	1.0E-10	1.0E+10	1E-30	1.0E-10
83	1.65772674492877E-05	1.0E+10	2272727.27272727	1E-30	0.000000000023	1.0E+10	1E-30	1.0E+10	1.87907170196971E-03	8.27244183019795E-04	1.0E+10	10.1640116679166	7.70699475014624E-04	1.0E+10	2.32284134713281	7.10229941223739E-04	1.0E+10	0.360907889105264	6.14982194315845E-04	1.0E+10	0.057261081963293	8.07437323039621E-04	1.0E+10	7.02360470132038E-03	5.99142793091702E-04	1.0E+10	2.68368172839452E-03	1E-30	8.61057911841446E-12	2.71164518936984E-02	1E-30	3.7120731699189E-11	1.96586588924933E-02	1E-30	3.98458713190035E-10	1.42425119732243E-02	3.10771314553666E-05	1.50527649292096E-10	9.57696623850011E-03	2.48922820088852E-05	8.00626572706459E-11	6.39374658518997E-03	2.98325085897168E-11	3.94922637706982E-11	7.62135720947601	1.32629119243246E-12	0.00000000027	80	1.0E+10	1E-30	1.0E-10	1.0E+10	1E-30	1.0E-10
84	1.65772674492877E-05	1.0E+10	2272727.27272727	1E-30	0.000000000023	1.0E+10	1E-30	1.0E+10	1.87907170196971E-03	8.27244183019795E-04	1.0E+10	10.1640116679166	7.70699475014624E-04	1.0E+10	2.32284134713281	7.10229941223739E-04	1.0E+10	0.360907889105264	6.14982194315845E-04	1.0E+10	0.057261081963293	8.07437323039621E-04	1.0E+10	7.02360470132038E-03	5.99142793091702E-04	1.0E+10	2.68368172839452E-03	1E-30	8.61057911841446E-12	2.71164518936984E-02	1E-30	3.7120731699189E-11	1.96586588924933E-02	1E-30	3.98458713190035E-10	1.42425119732243E-02	3.10771314553666E-05	1.50527649292096E-10	9.57696623850011E-03	2.48922820088852E-05	8.00626572706459E-11	6.39374658518997E-03	2.98325085897168E-11	3.94922637706982E-11	7.62135720947601	1.32629119243246E-12	0.00000000027	80	1.0E+10	1E-30	1.0E-10	1.0E+10	1E-30	1.0E-10
85	1.69304494248681E-05	1.0E+10	2272727.27272727	1E-30	2.29630724299377E-12	1.0E+10	1E-30	1.0E+10	2.11396620428141E-03	6.52880123600011E-04	1.0E+10	9.95568539151776	6.17170175757242E-04	1.0E+10	1.22571759787898	6.77355643313996E-04	1.0E+10	0.171592298802449	7.3025456315535E-04	1.0E+10	3.33616723050822E-02	4.60938374630246E-04	1.0E+10	0.012303424688109	5.68491771669627E-04	1.0E+10	1.5953406784382E-03	1E-30	9.7899186896032E-12	4.61339049517482E-02	1E-30	2.82216459922798E-11	1.97024257159018E-02	1E-30	3.78671221348595E-10	1.57119803412211E-02	3.08906449184204E-05	1.38046958623502E-10	8.18508421094455E-03	2.57335639885404E-05	7.39596375937605E-11	6.04394068220652E-03	3.38611834954908E-11	3.46667426082729E-11	8.07272128311865	1.42629119243246E-12	2.70671671924992E-10	80	1.0E+10	1E-30	1.0E-10	1.0E+10	1E-30	1.0E-10
86	1.69304494248681E-05	1.0E+10	2272727.27272727	1E-30	2.29630724299377E-12	1.0E+10	1E-30	1.0E+10	2.11396620428141E-03	6.52880123600011E-04	1.0E+10	9.95568539151776	6.17170175757242E-04	1.0E+10	1.22571759787898	6.77355643313996E-04	1.0E+10	0.171592298802449	7.3025456315535E-04	1.0E+10	3.33616723050822E-02	4.60938374630246E-04	1.0E+10	0.012303424688109	5.68491771669627E-04	1.0E+10	1.5953406784382E-03	1E-30	9.7899186896032E-12	4.61339049517482E-02	1E-30	2.82216459922798E-11	1.97024257159018E-02	1E-30	3.78671221348595E-10	1.57119803412211E-02	3.08906449184204E-05	1.38046958623502E-10	8.18508421094455E-03	2.57335639885404E-05	7.39596375937605E-11	6.04394068220652E-03	3.38611834954908E-11	3.46667426082729E-11	8.07272128311865	1.42629119243246E-12	2.70671671924992E-10	80	1.0E+10	1E-30	1.0E-10	1.0E+10	1E-30	1.0E-10
87	1.65772674492877E-05	1.0E+10	2272727.27272727	1E-30	0.000000000023	1.0E+10	1E-30	1.0E+10	1.87907170196971E-03	8.27244183019795E-04	1.0E+10	10.1640116679166	7.70699475014624E-04	1.0E+10	2.32284134713281	7.10229941223739E-04	1.0E+10	0.360907889105264	6.14982194315845E-04	1.0E+10	0.057261081963293	8.07437323039621E-04	1.0E+10	7.02360470132038E-03	5.99142793091702E-04	1.0E+10	2.68368172839452E-03	1E-30	8.61057911841446E-12	2.71164518936984E-02	1E-30	3.7120731699189E-11	1.96586588924933E-02	1E-30	3.98458713190035E-10	1.42425119732243E-02	3.10771314553666E-05	1.50527649292096E-10	9.57696623850011E-03	2.48922820088852E-05	8.00626572706459E-11	6.39374658518997E-03	2.98325085897168E-11	3.94922637706982E-11	7.62135720947601	1.32629119243246E-12	0.00000000027	80	1.0E+10	1E-30	1.0E-10	1.0E+10	1E-30	1.0E-10
88	1.60426264651961E-05	1.0E+10	2272727.27272727	1E-30	1.14815362149688E-11	1.0E+10	1E-30	1.0E+10	2.43923916263625E-03	3.44336337565941E-04	1.0E+10	14.3667725332701	4.55861620641806E-04	1.0E+10	0.984049129730626	4.24026620788685E-04	1.0E+10	0.114904837358718	5.19509101117114E-04	1.0E+10	1.47238075959122E-02	3.63119339550042E-04	1.0E+10	4.22550915663276E-03	1E-30	2.47107002197644E-11	3.41409738125131E-02	1E-30	3.09810687436883E-10	0.013069497036474	1E-30	3.08570474077622E-11	9.36548298358684E-03	4.00563461520514E-05	7.97204305969076E-11	3.37247732598241E-03	1.68835104418957E-05	8.28461197696082E-11	4.78706458426604E-03	1.79181335976337E-11	9.44216609628645E-11	11.0831246209217	1.76780941141391E-12	2.51202958469442E-10	124.172305943235	1.0E+10	1E-30	1.0E-10	1.0E+10	1E-30	1.0E-10	1.0E+10	1E-30	1.0E-10
89	1.60426264651961E-05	1.0E+10	2272727.27272727	1E-30	1.14815362149688E-11	1.0E+10	1E-30	1.0E+10	2.43923916263625E-03	3.44336337565941E-04	1.0E+10	14.3667725332701	4.55861620641806E-04	1.0E+10	0.984049129730626	4.24026620788685E-04	1.0E+10	0.114904837358718	5.19509101117114E-04	1.0E+10	1.47238075959122E-02	3.63119339550042E-04	1.0E+10	4.22550915663276E-03	1E-30	2.47107002197644E-11	3.41409738125131E-02	1E-30	3.09810687436883E-10	0.013069497036474	1E-30	3.08570474077622E-11	9.36548298358684E-03	4.00563461520514E-05	7.97204305969076E-11	3.37247732598241E-03	1.68835104418957E-05	8.28461197696082E-11	4.78706458426604E-03	1.79181335976337E-11	9.44216609628645E-11	11.0831246209217	1.76780941141391E-12	2.51202958469442E-10	124.172305943235	1.0E+10	1E-30	1.0E-10	1.0E+10	1E-30	1.0E-10	1.0E+10	1E-30	1.0E-10
90	1.60426264651961E-05	1.0E+10	2272727.27272727	1E-30	1.14815362149688E-11	1.0E+10	1E-30	1.0E+10	2.43923916263625E-03	3.44336337565941E-04	1.0E+10	14.3667725332701	4.55861620641806E-04	1.0E+10	0.984049129730626	4.24026620788685E-04	1.0E+10	0.114904837358718	5.19509101117114E-04	1.0E+10	1.47238075959122E-02	3.63119339550042E-04	1.0E+10	4.22550915663276E-03	1E-30	2.47107002197644E-11	3.41409738125131E-02	1E-30	3.09810687436883E-10	0.013069497036474	1E-30	3.08570474077622E-11	9.36548298358684E-03	4.00563461520514E-05	7.97204305969076E-11	3.37247732598241E-03	1.68835104418957E-05	8.28461197696082E-11	4.78706458426604E-03	1.79181335976337E-11	9.44216609628645E-11	11.0831246209217	1.76780941141391E-12	2.51202958469442E-10	124.172305943235	1.0E+10	1E-30	1.0E-10	1.0E+10	1E-30	1.0E-10	1.0E+10	1E-30	1.0E-10
91	1.60426264651961E-05	1.0E+10	2272727.27272727	1E-30	1.14815362149688E-11	1.0E+10	1E-30	1.0E+10	2.43923916263625E-03	3.44336337565941E-04	1.0E+10	14.3667725332701	4.55861620641806E-04	1.0E+10	0.984049129730626	4.24026620788685E-04	1.0E+10	0.114904837358718	5.19509101117114E-04	1.0E+10	1.47238075959122E-02	3.63119339550042E-04	1.0E+10	4.22550915663276E-03	1E-30	2.47107002197644E-11	3.41409738125131E-02	1E-30	3.09810687436883E-10	0.013069497036474	1E-30	3.08570474077622E-11	9.36548298358684E-03	4.00563461520514E-05	7.97204305969076E-11	3.37247732598241E-03	1.68835104418957E-05	8.28461197696082E-11	4.78706458426604E-03	1.79181335976337E-11	9.44216609628645E-11	11.0831246209217	1.76780941141391E-12	2.51202958469442E-10	124.172305943235	1.0E+10	1E-30	1.0E-10	1.0E+10	1E-30	1.0E-10	1.0E+10	1E-30	1.0E-10
92	1.69801454395272E-05	1.0E+10	2272727.27272727	1E-30	9.0047163246E-13	1.0E+10	1E-30	1.0E+10	2.16943741529637E-03	4.90850821600174E-04	1.0E+10	10.2790999469612	6.14657818751113E-04	1.0E+10	0.955348754920501	6.94535890729054E-04	1.0E+10	0.173191380263195	5.11313005846376E-04	1.0E+10	4.44667359948409E-02	4.68581533020885E-04	1.0E+10	8.97188529200381E-03	5.39427349946453E-04	1.0E+10	1.80154311407299E-03	1E-30	1.0381468641696E-11	4.89215184273373E-02	1E-30	3.3628577979098E-11	2.34771763399569E-02	1E-30	2.56251085949336E-10	1.40841085687341E-02	3.38106742793713E-05	9.18113287114368E-11	4.70723954739346E-03	1.61932079665651E-05	8.20958122760425E-11	5.57302778823081E-03	2.23470704465019E-11	4.26334456882327E-11	9.17486184950809	1.32629119243246E-12	2.52326505100112E-10	120	1.0E+10	1E-30	1.0E-10	1.0E+10	1E-30	1.0E-10
93	1.69801454395272E-05	1.0E+10	2272727.27272727	1E-30	9.0047163246E-13	1.0E+10	1E-30	1.0E+10	2.16943741529637E-03	4.90850821600174E-04	1.0E+10	10.2790999469612	6.14657818751113E-04	1.0E+10	0.955348754920501	6.94535890729054E-04	1.0E+10	0.173191380263195	5.11313005846376E-04	1.0E+10	4.44667359948409E-02	4.68581533020885E-04	1.0E+10	8.97188529200381E-03	5.39427349946453E-04	1.0E+10	1.80154311407299E-03	1E-30	1.0381468641696E-11	4.89215184273373E-02	1E-30	3.3628577979098E-11	2.34771763399569E-02	1E-30	2.56251085949336E-10	1.40841085687341E-02	3.38106742793713E-05	9.18113287114368E-11	4.70723954739346E-03	1.61932079665651E-05	8.20958122760425E-11	5.57302778823081E-03	2.23470704465019E-11	4.26334456882327E-11	9.17486184950809	1.32629119243246E-12	2.52326505100112E-10	120	1.0E+10	1E-30	1.0E-10	1.0E+10	1E-30	1.0E-10
94	1.60426264651961E-05	1.0E+10	2272727.27272727	1E-30	1.14815362149688E-11	1.0E+10	1E-30	1.0E+10	2.43923916263625E-03	3.44336337565941E-04	1.0E+10	14.3667725332701	4.55861620641806E-04	1.0E+10	0.984049129730626	4.24026620788685E-04	1.0E+10	0.114904837358718	5.19509101117114E-04	1.0E+10	1.47238075959122E-02	3.63119339550042E-04	1.0E+10	4.22550915663276E-03	1E-30	2.47107002197644E-11	3.41409738125131E-02	1E-30	3.09810687436883E-10	0.013069497036474	1E-30	3.08570474077622E-11	9.36548298358684E-03	4.00563461520514E-05	7.97204305969076E-11	3.37247732598241E-03	1.68835104418957E-05	8.28461197696082E-11	4.78706458426604E-03	1.79181335976337E-11	9.44216609628645E-11	11.0831246209217	1.76780941141391E-12	2.51202958469442E-10	124.172305943235	1.0E+10	1E-30	1.0E-10	1.0E+10	1E-30	1.0E-10	1.0E+10	1E-30	1.0E-10
95	1.60426264651961E-05	1.0E+10	2272727.27272727	1E-30	1.14815362149688E-11	1.0E+10	1E-30	1.0E+10	2.43923916263625E-03	3.44336337565941E-04	1.0E+10	14.3667725332701	4.55861620641806E-04	1.0E+10	0.984049129730626	4.24026620788685E-04	1.0E+10	0.114904837358718	5.19509101117114E-04	1.0E+10	1.47238075959122E-02	3.63119339550042E-04	1.0E+10	4.22550915663276E-03	1E-30	2.47107002197644E-11	3.41409738125131E-02	1E-30	3.09810687436883E-10	0.013069497036474	1E-30	3.08570474077622E-11	9.36548298358684E-03	4.00563461520514E-05	7.97204305969076E-11	3.37247732598241E-03	1.68835104418957E-05	8.28461197696082E-11	4.78706458426604E-03	1.79181335976337E-11	9.44216609628645E-11	11.0831246209217	1.76780941141391E-12	2.51202958469442E-10	124.172305943235	1.0E+10	1E-30	1.0E-10	1.0E+10	1E-30	1.0E-10	1.0E+10	1E-30	1.0E-10
96	1.65772674492877E-05	1.0E+10	2272727.27272727	1E-30	0.000000000023	1.0E+10	1E-30	1.0E+10	1.87907170196971E-03	8.27244183019795E-04	1.0E+10	10.1640116679166	7.70699475014624E-04	1.0E+10	2.32284134713281	7.10229941223739E-04	1.0E+10	0.360907889105264	6.14982194315845E-04	1.0E+10	0.057261081963293	8.07437323039621E-04	1.0E+10	7.02360470132038E-03	5.99142793091702E-04	1.0E+10	2.68368172839452E-03	1E-30	8.61057911841446E-12	2.71164518936984E-02	1E-30	3.7120731699189E-11	1.96586588924933E-02	1E-30	3.98458713190035E-10	1.42425119732243E-02	3.10771314553666E-05	1.50527649292096E-10	9.57696623850011E-03	2.48922820088852E-05	8.00626572706459E-11	6.39374658518997E-03	2.98325085897168E-11	3.94922637706982E-11	7.62135720947601	1.32629119243246E-12	0.00000000027	80	1.0E+10	1E-30	1.0E-10	1.0E+10	1E-30	1.0E-10
97	3.36892854614556E-05	1.0E+10	1063829.78723404	1E-30	0.00000000004	1.0E+10	1E-30	1.0E+10	1.73452772489511E-03	1.01147729720383E-03	1.0E+10	5.10444433059811	1.10641429143208E-03	1.0E+10	0.568607217186064	1.11481550956584E-03	1.0E+10	9.23428823428751E-02	9.62026592534937E-04	1.0E+10	2.06796444514754E-02	6.02534695946611E-04	1.0E+10	3.77346244036276E-03	1E-30	1.57743513219594E-11	3.96452689825697E-02	1E-30	4.96495704731493E-11	1.65153945020119E-02	1E-30	4.4173230871455E-10	1.07461348578898E-02	6.18700683596298E-05	1.55610201193823E-10	4.64651156037708E-03	4.84277279493703E-05	9.01816497140334E-11	0.003651602772745	1.9632487843092E-11	7.74908970216986E-11	10.1333911654437	0.0000000000021	2.03718327157626E-10	90	1.0E+10	1E-30	1.0E-10	1.0E+10	1E-30	1.0E-10	1.0E+10	1E-30	1.0E-10
98	3.38579975981648E-05	1.0E+10	1063829.78723404	1E-30	2.00303335663316E-11	1.0E+10	1E-30	1.0E+10	1.55987567980644E-03	8.6115062639559E-04	1.0E+10	4.65399046633602	1.44609808047325E-03	1.0E+10	0.337701037587269	1.09536419668195E-03	1.0E+10	0.06444238471411	1.25346153429127E-03	1.0E+10	7.38943240172721E-03	1.4810227198486E-03	1.0E+10	1.34881482775057E-03	1E-30	1.43937889685747E-11	3.61755373447968E-02	1E-30	5.08255044521598E-11	1.69065562660836E-02	1E-30	4.41376741909276E-10	1.02542184655929E-02	6.64116193327995E-05	1.56960336028307E-10	5.32553873657237E-03	5.48979058199603E-05	8.67307003184055E-11	4.05528932455787E-03	1.97793860086593E-11	6.80842460767017E-11	7.70014682279157	1.47365688048051E-12	2.61983445418758E-10	90	1.0E+10	1E-30	1.0E-10	1.0E+10	1E-30	1.0E-10	1.0E+10	1E-30	1.0E-10
99	3.38579975981648E-05	1.0E+10	1063829.78723404	1E-30	2.00303335663316E-11	1.0E+10	1E-30	1.0E+10	1.55987567980644E-03	8.6115062639559E-04	1.0E+10	4.65399046633602	1.44609808047325E-03	1.0E+10	0.337701037587269	1.09536419668195E-03	1.0E+10	0.06444238471411	1.25346153429127E-03	1.0E+10	7.38943240172721E-03	1.4810227198486E-03	1.0E+10	1.34881482775057E-03	1E-30	1.43937889685747E-11	3.61755373447968E-02	1E-30	5.08255044521598E-11	1.69065562660836E-02	1E-30	4.41376741909276E-10	1.02542184655929E-02	6.64116193327995E-05	1.56960336028307E-10	5.32553873657237E-03	5.48979058199603E-05	8.67307003184055E-11	4.05528932455787E-03	1.97793860086593E-11	6.80842460767017E-11	7.70014682279157	1.47365688048051E-12	2.61983445418758E-10	90	1.0E+10	1E-30	1.0E-10	1.0E+10	1E-30	1.0E-10	1.0E+10	1E-30	1.0E-10
100	3.30725962650588E-05	1.0E+10	1063829.78723404	1E-30	0.000000000005	1.0E+10	1E-30	1.0E+10	0.002035855744494	0.001034266973104	1.0E+10	4.99196985836808	1.13385970833796E-03	1.0E+10	0.554843907654378	1.33857008257622E-03	1.0E+10	9.23222364147194E-02	8.84025032280192E-04	1.0E+10	0.022504303792363	5.76805575000331E-04	1.0E+10	3.94178236604011E-03	3.51291857536885E-02	1.0E+10	1.17891229741605E-05	1E-30	1.14038871085166E-11	2.86610943699865E-02	1E-30	4.67477940973479E-11	1.95764788229198E-02	1E-30	4.00365945874147E-10	1.17098208734253E-02	6.32779933485471E-05	1.45300116193826E-10	4.4397132330553E-03	5.32268430586379E-05	7.8357678602932E-11	4.08739786490962E-03	1.50579647882664E-11	7.1845737296093E-11	8.12556145732133	1.47365688048051E-12	2.55632567726424E-10	90	1.0E+10	1E-30	1.0E-10	1.0E+10	1E-30	1.0E-10
101	3.30725962650588E-05	1.0E+10	1063829.78723404	1E-30	0.000000000005	1.0E+10	1E-30	1.0E+10	0.002035855744494	0.001034266973104	1.0E+10	4.99196985836808	1.13385970833796E-03	1.0E+10	0.554843907654378	1.33857008257622E-03	1.0E+10	9.23222364147194E-02	8.84025032280192E-04	1.0E+10	0.022504303792363	5.76805575000331E-04	1.0E+10	3.94178236604011E-03	3.51291857536885E-02	1.0E+10	1.17891229741605E-05	1E-30	1.14038871085166E-11	2.86610943699865E-02	1E-30	4.67477940973479E-11	1.95764788229198E-02	1E-30	4.00365945874147E-10	1.17098208734253E-02	6.32779933485471E-05	1.45300116193826E-10	4.4397132330553E-03	5.32268430586379E-05	7.8357678602932E-11	4.08739786490962E-03	1.50579647882664E-11	7.1845737296093E-11	8.12556145732133	1.47365688048051E-12	2.55632567726424E-10	90	1.0E+10	1E-30	1.0E-10	1.0E+10	1E-30	1.0E-10
102	3.30725962650588E-05	1.0E+10	1063829.78723404	1E-30	0.000000000005	1.0E+10	1E-30	1.0E+10	0.002035855744494	0.001034266973104	1.0E+10	4.99196985836808	1.13385970833796E-03	1.0E+10	0.554843907654378	1.33857008257622E-03	1.0E+10	9.23222364147194E-02	8.84025032280192E-04	1.0E+10	0.022504303792363	5.76805575000331E-04	1.0E+10	3.94178236604011E-03	3.51291857536885E-02	1.0E+10	1.17891229741605E-05	1E-30	1.14038871085166E-11	2.86610943699865E-02	1E-30	4.67477940973479E-11	1.95764788229198E-02	1E-30	4.00365945874147E-10	1.17098208734253E-02	6.32779933485471E-05	1.45300116193826E-10	4.4397132330553E-03	5.32268430586379E-05	7.8357678602932E-11	4.08739786490962E-03	1.50579647882664E-11	7.1845737296093E-11	8.12556145732133	1.47365688048051E-12	2.55632567726424E-10	90	1.0E+10	1E-30	1.0E-10	1.0E+10	1E-30	1.0E-10
103	3.30725962650588E-05	1.0E+10	1063829.78723404	1E-30	0.000000000005	1.0E+10	1E-30	1.0E+10	0.002035855744494	0.001034266973104	1.0E+10	4.99196985836808	1.13385970833796E-03	1.0E+10	0.554843907654378	1.33857008257622E-03	1.0E+10	9.23222364147194E-02	8.84025032280192E-04	1.0E+10	0.022504303792363	5.76805575000331E-04	1.0E+10	3.94178236604011E-03	3.51291857536885E-02	1.0E+10	1.17891229741605E-05	1E-30	1.14038871085166E-11	2.86610943699865E-02	1E-30	4.67477940973479E-11	1.95764788229198E-02	1E-30	4.00365945874147E-10	1.17098208734253E-02	6.32779933485471E-05	1.45300116193826E-10	4.4397132330553E-03	5.32268430586379E-05	7.8357678602932E-11	4.08739786490962E-03	1.50579647882664E-11	7.1845737296093E-11	8.12556145732133	1.47365688048051E-12	2.55632567726424E-10	90	1.0E+10	1E-30	1.0E-10	1.0E+10	1E-30	1.0E-10
104	3.36892854614556E-05	1.0E+10	1063829.78723404	1E-30	0.00000000004	1.0E+10	1E-30	1.0E+10	1.73452772489511E-03	1.01147729720383E-03	1.0E+10	5.10444433059811	1.10641429143208E-03	1.0E+10	0.568607217186064	1.11481550956584E-03	1.0E+10	9.23428823428751E-02	9.62026592534937E-04	1.0E+10	2.06796444514754E-02	6.02534695946611E-04	1.0E+10	3.77346244036276E-03	1E-30	1.57743513219594E-11	3.96452689825697E-02	1E-30	4.96495704731493E-11	1.65153945020119E-02	1E-30	4.4173230871455E-10	1.07461348578898E-02	6.18700683596298E-05	1.55610201193823E-10	4.64651156037708E-03	4.84277279493703E-05	9.01816497140334E-11	0.003651602772745	1.9632487843092E-11	7.74908970216986E-11	10.1333911654437	0.0000000000021	2.03718327157626E-10	90	1.0E+10	1E-30	1.0E-10	1.0E+10	1E-30	1.0E-10	1.0E+10	1E-30	1.0E-10
105	3.36892854614556E-05	1.0E+10	1063829.78723404	1E-30	0.00000000004	1.0E+10	1E-30	1.0E+10	1.73452772489511E-03	1.01147729720383E-03	1.0E+10	5.10444433059811	1.10641429143208E-03	1.0E+10	0.568607217186064	1.11481550956584E-03	1.0E+10	9.23428823428751E-02	9.62026592534937E-04	1.0E+10	2.06796444514754E-02	6.02534695946611E-04	1.0E+10	3.77346244036276E-03	1E-30	1.57743513219594E-11	3.96452689825697E-02	1E-30	4.96495704731493E-11	1.65153945020119E-02	1E-30	4.4173230871455E-10	1.07461348578898E-02	6.18700683596298E-05	1.55610201193823E-10	4.64651156037708E-03	4.84277279493703E-05	9.01816497140334E-11	0.003651602772745	1.9632487843092E-11	7.74908970216986E-11	10.1333911654437	0.0000000000021	2.03718327157626E-10	90	1.0E+10	1E-30	1.0E-10	1.0E+10	1E-30	1.0E-10	1.0E+10	1E-30	1.0E-10
106	3.38579975981648E-05	1.0E+10	1063829.78723404	1E-30	2.00303335663316E-11	1.0E+10	1E-30	1.0E+10	1.55987567980644E-03	8.6115062639559E-04	1.0E+10	4.65399046633602	1.44609808047325E-03	1.0E+10	0.337701037587269	1.09536419668195E-03	1.0E+10	0.06444238471411	1.25346153429127E-03	1.0E+10	7.38943240172721E-03	1.4810227198486E-03	1.0E+10	1.34881482775057E-03	1E-30	1.43937889685747E-11	3.61755373447968E-02	1E-30	5.08255044521598E-11	1.69065562660836E-02	1E-30	4.41376741909276E-10	1.02542184655929E-02	6.64116193327995E-05	1.56960336028307E-10	5.32553873657237E-03	5.48979058199603E-05	8.67307003184055E-11	4.05528932455787E-03	1.97793860086593E-11	6.80842460767017E-11	7.70014682279157	1.47365688048051E-12	2.61983445418758E-10	90	1.0E+10	1E-30	1.0E-10	1.0E+10	1E-30	1.0E-10	1.0E+10	1E-30	1.0E-10
107	3.38579975981648E-05	1.0E+10	1063829.78723404	1E-30	2.00303335663316E-11	1.0E+10	1E-30	1.0E+10	1.55987567980644E-03	8.6115062639559E-04	1.0E+10	4.65399046633602	1.44609808047325E-03	1.0E+10	0.337701037587269	1.09536419668195E-03	1.0E+10	0.06444238471411	1.25346153429127E-03	1.0E+10	7.38943240172721E-03	1.4810227198486E-03	1.0E+10	1.34881482775057E-03	1E-30	1.43937889685747E-11	3.61755373447968E-02	1E-30	5.08255044521598E-11	1.69065562660836E-02	1E-30	4.41376741909276E-10	1.02542184655929E-02	6.64116193327995E-05	1.56960336028307E-10	5.32553873657237E-03	5.48979058199603E-05	8.67307003184055E-11	4.05528932455787E-03	1.97793860086593E-11	6.80842460767017E-11	7.70014682279157	1.47365688048051E-12	2.61983445418758E-10	90	1.0E+10	1E-30	1.0E-10	1.0E+10	1E-30	1.0E-10	1.0E+10	1E-30	1.0E-10
108	3.30725962650588E-05	1.0E+10	1063829.78723404	1E-30	0.000000000005	1.0E+10	1E-30	1.0E+10	0.002035855744494	0.001034266973104	1.0E+10	4.99196985836808	1.13385970833796E-03	1.0E+10	0.554843907654378	1.33857008257622E-03	1.0E+10	9.23222364147194E-02	8.84025032280192E-04	1.0E+10	0.022504303792363	5.76805575000331E-04	1.0E+10	3.94178236604011E-03	3.51291857536885E-02	1.0E+10	1.17891229741605E-05	1E-30	1.14038871085166E-11	2.86610943699865E-02	1E-30	4.67477940973479E-11	1.95764788229198E-02	1E-30	4.00365945874147E-10	1.17098208734253E-02	6.32779933485471E-05	1.45300116193826E-10	4.4397132330553E-03	5.32268430586379E-05	7.8357678602932E-11	4.08739786490962E-03	1.50579647882664E-11	7.1845737296093E-11	8.12556145732133	1.47365688048051E-12	2.55632567726424E-10	90	1.0E+10	1E-30	1.0E-10	1.0E+10	1E-30	1.0E-10
109	3.30725962650588E-05	1.0E+10	1063829.78723404	1E-30	0.000000000005	1.0E+10	1E-30	1.0E+10	0.002035855744494	0.001034266973104	1.0E+10	4.99196985836808	1.13385970833796E-03	1.0E+10	0.554843907654378	1.33857008257622E-03	1.0E+10	9.23222364147194E-02	8.84025032280192E-04	1.0E+10	0.022504303792363	5.76805575000331E-04	1.0E+10	3.94178236604011E-03	3.51291857536885E-02	1.0E+10	1.17891229741605E-05	1E-30	1.14038871085166E-11	2.86610943699865E-02	1E-30	4.67477940973479E-11	1.95764788229198E-02	1E-30	4.00365945874147E-10	1.17098208734253E-02	6.32779933485471E-05	1.45300116193826E-10	4.4397132330553E-03	5.32268430586379E-05	7.8357678602932E-11	4.08739786490962E-03	1.50579647882664E-11	7.1845737296093E-11	8.12556145732133	1.47365688048051E-12	2.55632567726424E-10	90	1.0E+10	1E-30	1.0E-10	1.0E+10	1E-30	1.0E-10
110	3.36892854614556E-05	1.0E+10	1063829.78723404	1E-30	0.00000000004	1.0E+10	1E-30	1.0E+10	1.73452772489511E-03	1.01147729720383E-03	1.0E+10	5.10444433059811	1.10641429143208E-03	1.0E+10	0.568607217186064	1.11481550956584E-03	1.0E+10	9.23428823428751E-02	9.62026592534937E-04	1.0E+10	2.06796444514754E-02	6.02534695946611E-04	1.0E+10	3.77346244036276E-03	1E-30	1.57743513219594E-11	3.96452689825697E-02	1E-30	4.96495704731493E-11	1.65153945020119E-02	1E-30	4.4173230871455E-10	1.07461348578898E-02	6.18700683596298E-05	1.55610201193823E-10	4.64651156037708E-03	4.84277279493703E-05	9.01816497140334E-11	0.003651602772745	1.9632487843092E-11	7.74908970216986E-11	10.1333911654437	0.0000000000021	2.03718327157626E-10	90	1.0E+10	1E-30	1.0E-10	1.0E+10	1E-30	1.0E-10	1.0E+10	1E-30	1.0E-10
111	3.36892854614556E-05	1.0E+10	1063829.78723404	1E-30	0.00000000004	1.0E+10	1E-30	1.0E+10	1.73452772489511E-03	1.01147729720383E-03	1.0E+10	5.10444433059811	1.10641429143208E-03	1.0E+10	0.568607217186064	1.11481550956584E-03	1.0E+10	9.23428823428751E-02	9.62026592534937E-04	1.0E+10	2.06796444514754E-02	6.02534695946611E-04	1.0E+10	3.77346244036276E-03	1E-30	1.57743513219594E-11	3.96452689825697E-02	1E-30	4.96495704731493E-11	1.65153945020119E-02	1E-30	4.4173230871455E-10	1.07461348578898E-02	6.18700683596298E-05	1.55610201193823E-10	4.64651156037708E-03	4.84277279493703E-05	9.01816497140334E-11	0.003651602772745	1.9632487843092E-11	7.74908970216986E-11	10.1333911654437	0.0000000000021	2.03718327157626E-10	90	1.0E+10	1E-30	1.0E-10	1.0E+10	1E-30	1.0E-10	1.0E+10	1E-30	1.0E-10
112	6.77674191105733E-05	1.0E+10	500000	1E-30	4.04688864777496E-11	1.0E+10	1E-30	1.0E+10	1.50306691775514E-03	1.37324769970082E-03	1.0E+10	3.3745850326901	1.74940011036383E-03	1.0E+10	0.213285171336326	1.66435132594629E-03	1.0E+10	2.86079296332393E-02	1.2582683597964E-03	1.0E+10	3.9555521146165E-03	1E-30	2.14245971458191E-11	2.91768985774488E-02	1E-30	7.30848058373972E-11	1.16171259814356E-02	1E-30	6.19250312128785E-10	7.85779129922259E-03	2.0318441235685E-04	1.04779999513478E-10	2.18059092429029E-03	1.85296577937919E-04	5.82109594343009E-11	1.56372525563695E-03	1.78103607154015E-11	9.80746717014003E-11	6.92216496178242	2.04256014069559E-12	2.06013524371205E-10	182.942803687536	1.0E+10	1E-30	1.0E-10	1.0E+10	1E-30	1.0E-10	1.0E+10	1E-30	1.0E-10	1.0E+10	1E-30	1.0E-10
113	6.48361710209987E-05	1.0E+10	500000	1E-30	2.0124498974242E-11	1.0E+10	1E-30	1.0E+10	1.38301863729455E-03	2.0299910824443E-03	1.0E+10	2.02027495978236	2.29763399374201E-03	1.0E+10	0.230349902738492	2.41325920746738E-03	1.0E+10	3.72624457359159E-02	2.00955254171948E-03	1.0E+10	9.8998993424995E-03	1.70447626851184E-03	1.0E+10	1.33392414207974E-03	1E-30	1.87936139146717E-11	4.42814095565517E-02	1E-30	5.26785434683532E-11	1.39189737206601E-02	1E-30	5.44550316736119E-10	8.32121255408791E-03	1.45316670071812E-04	1.40897756670978E-10	3.56754899071121E-03	1.16180391463811E-04	8.05293816930363E-11	2.35302224416813E-03	1.06229267637282E-11	6.84218361552733E-11	13.8913375167098	1.76838825657662E-12	2.03003753943744E-10	90	1.0E+10	1E-30	1.0E-10	1.0E+10	1E-30	1.0E-10	1.0E+10	1E-30	1.0E-10
114	6.48361710209987E-05	1.0E+10	500000	1E-30	2.0124498974242E-11	1.0E+10	1E-30	1.0E+10	1.38301863729455E-03	2.0299910824443E-03	1.0E+10	2.02027495978236	2.29763399374201E-03	1.0E+10	0.230349902738492	2.41325920746738E-03	1.0E+10	3.72624457359159E-02	2.00955254171948E-03	1.0E+10	9.8998993424995E-03	1.70447626851184E-03	1.0E+10	1.33392414207974E-03	1E-30	1.87936139146717E-11	4.42814095565517E-02	1E-30	5.26785434683532E-11	1.39189737206601E-02	1E-30	5.44550316736119E-10	8.32121255408791E-03	1.45316670071812E-04	1.40897756670978E-10	3.56754899071121E-03	1.16180391463811E-04	8.05293816930363E-11	2.35302224416813E-03	1.06229267637282E-11	6.84218361552733E-11	13.8913375167098	1.76838825657662E-12	2.03003753943744E-10	90	1.0E+10	1E-30	1.0E-10	1.0E+10	1E-30	1.0E-10	1.0E+10	1E-30	1.0E-10
115	6.48361710209987E-05	1.0E+10	500000	1E-30	2.0124498974242E-11	1.0E+10	1E-30	1.0E+10	1.38301863729455E-03	2.0299910824443E-03	1.0E+10	2.02027495978236	2.29763399374201E-03	1.0E+10	0.230349902738492	2.41325920746738E-03	1.0E+10	3.72624457359159E-02	2.00955254171948E-03	1.0E+10	9.8998993424995E-03	1.70447626851184E-03	1.0E+10	1.33392414207974E-03	1E-30	1.87936139146717E-11	4.42814095565517E-02	1E-30	5.26785434683532E-11	1.39189737206601E-02	1E-30	5.44550316736119E-10	8.32121255408791E-03	1.45316670071812E-04	1.40897756670978E-10	3.56754899071121E-03	1.16180391463811E-04	8.05293816930363E-11	2.35302224416813E-03	1.06229267637282E-11	6.84218361552733E-11	13.8913375167098	1.76838825657662E-12	2.03003753943744E-10	90	1.0E+10	1E-30	1.0E-10	1.0E+10	1E-30	1.0E-10	1.0E+10	1E-30	1.0E-10
116	6.53497655936515E-05	1.0E+10	500000	1E-30	2.5247648677019E-11	1.0E+10	1E-30	1.0E+10	1.48708785562202E-03	2.01716880034288E-03	1.0E+10	2.03311698641511	2.49467172954404E-03	1.0E+10	0.212156076777228	2.9024352596195E-03	1.0E+10	0.033073977237027	1.90168464587879E-03	1.0E+10	1.04614442408213E-02	2.03720002703368E-03	1.0E+10	1.11606224916487E-03	1E-30	2.04760864532579E-11	3.04409422107176E-02	1E-30	6.13434924439185E-11	0.012874843369416	1E-30	4.60280051350855E-10	8.16923789409975E-03	1.63167885630365E-04	1.17661676542846E-10	2.40002320861039E-03	1.16754429685975E-04	7.6526849300195E-11	1.94753603217329E-03	2.33726308165007E-11	8.32380082775531E-11	6.19041617683778	1.76838825657662E-12	1.98255292432811E-10	90	1.0E+10	1E-30	1.0E-10	1.0E+10	1E-30	1.0E-10	1.0E+10	1E-30	1.0E-10
117	6.71858846876208E-05	1.0E+10	500000	1E-30	4.16614062145303E-11	1.0E+10	1E-30	1.0E+10	1.40621496907128E-03	2.01877522014284E-03	1.0E+10	2.64733298244903	2.87140701965541E-03	1.0E+10	0.308957038524843	2.45328852841815E-03	1.0E+10	6.92262387242833E-02	2.84275833267927E-03	1.0E+10	1.39524553609049E-02	3.12519267875904E-03	1.0E+10	4.00822777575995E-03	1.70681174371557E-03	1.0E+10	1.57884185837427E-03	1E-30	2.73999114910122E-11	2.60205942488323E-02	1E-30	6.31191246519067E-11	9.0571504534192E-03	1E-30	6.44113800827335E-10	7.55178283409513E-03	1.6482602676664E-04	1.39264171574094E-10	2.63827773833232E-03	1.69146997224564E-04	6.20288665809893E-11	1.8996146791568E-03	2.45419878733092E-11	6.89710342994226E-11	7.87108355711861	1.68477697470357E-12	2.57709918625527E-10	78.1752036918042	1.0E+10	1E-30	1.0E-10	1.0E+10	1E-30	1.0E-10
END DSCRDATA
