BEGIN DSCRDATA
% INDEX	K01	L01	M01	K02	L02	M02	K03	L03	M03	K04	L04	M04	K05	L05	M05	K06	L06	M06	K07	L07	M07	K08	L08	M08	K09	L09	M09	K10	L10	M10	K11	L11	M11	K12	L12	M12	K13	L13	M13	K14	L14	M14	K15	L15	M15	K16	L16	M16	K17	L17	M17	K18	L18	M18
0	2.02610236678505E-09	1.0E+10	1.0E+10	1E-30	3.93941197067367E-11	1.0E+10	1E-30	1.0E+10	5.85825897536633E-02	6.2772795924113E-08	1.0E+10	25.3541268552543	1.11049770316593E-07	1.0E+10	0.955457135049496	1.03299960834749E-07	1.0E+10	0.153213591821084	3.91524127003739E-08	1.0E+10	5.28409166313553E-02	1E-30	1.42927822912355E-11	0.299347332303358	3.05021818679971E-09	1.07236841195074E-11	0.128427394971026	9.99381576101398E-10	9.90076971267691E-12	0.170628674162634	8.338946137914E-12	3.88023483658915E-11	5.61445274211964	1.0E+10	1E-30	1.0E-10	1.0E+10	1E-30	1.0E-10	1.0E+10	1E-30	1.0E-10	1.0E+10	1E-30	1.0E-10	1.0E+10	1E-30	1.0E-10	1.0E+10	1E-30	1.0E-10	1.0E+10	1E-30	1.0E-10
1	4.57002097156025E-09	1.0E+10	1.0E+10	1E-30	3.33004859242814E-11	1.0E+10	1E-30	1.0E+10	3.60382427009358E-02	1.99572942243509E-07	1.0E+10	7.97477560348348	3.5940779004603E-07	1.0E+10	0.442825524375841	1.94035543536702E-07	1.0E+10	0.117176575112378	9.6879384129013E-08	1.0E+10	1.82535043185418E-02	1E-30	1.63538500822792E-11	0.154131405829191	6.76305345955625E-09	1.04038706045617E-11	8.71592625605064E-02	2.28488273596807E-09	7.69863721859072E-12	9.95080407575763E-02	5.52561509797176E-12	5.91321188460053E-11	8.34843831203738	1.0E+10	1E-30	1.0E-10	1.0E+10	1E-30	1.0E-10	1.0E+10	1E-30	1.0E-10	1.0E+10	1E-30	1.0E-10	1.0E+10	1E-30	1.0E-10	1.0E+10	1E-30	1.0E-10	1.0E+10	1E-30	1.0E-10
2	1.00090852324531E-08	1.0E+10	1.0E+10	1E-30	1.96232871920409E-11	1.0E+10	1E-30	1.0E+10	2.58262482432096E-02	5.79120519328409E-07	1.0E+10	13.7737177295731	8.6345890011736E-07	1.0E+10	1.68104160159971	6.2576480546262E-07	1.0E+10	0.328267397339168	6.31421222136673E-07	1.0E+10	6.49112109391514E-02	5.8919514053207E-07	1.0E+10	1.35382015497107E-02	1E-30	1.61478131180071E-11	0.103421645361804	1.85166156995046E-08	8.99392861148831E-12	5.86527221403093E-02	6.65085581943087E-09	7.08990153011473E-12	5.76326808016597E-02	4.51872862278949E-12	7.50319752000199E-11	13.075017461179	1.0E+10	1E-30	1.0E-10	1.0E+10	1E-30	1.0E-10	1.0E+10	1E-30	1.0E-10	1.0E+10	1E-30	1.0E-10	1.0E+10	1E-30	1.0E-10	1.0E+10	1E-30	1.0E-10
3	9.88325700801515E-09	1.0E+10	1.0E+10	1E-30	0.00000000003	1.0E+10	1E-30	1.0E+10	2.57537995392445E-02	5.10270716890212E-07	1.0E+10	12.4170801844288	8.7138593958067E-07	1.0E+10	1.15241680744221	1.16785436082468E-06	1.0E+10	0.179990755064954	6.53226953196475E-07	1.0E+10	9.06932133119936E-02	6.08846420161533E-07	1.0E+10	1.79565288571205E-02	1E-30	2.70950130534101E-11	0.141160544337097	1.60163496937198E-08	1.39846939157467E-11	9.40401334841359E-02	7.92954947301765E-09	8.87338345316862E-12	7.21944104509099E-02	0.00000000002	0.000000000014	100000	1.05671826175342E-11	0.000000000025	3.62391503650765	1.0E+10	1E-30	1.0E-10	1.0E+10	1E-30	1.0E-10	1.0E+10	1E-30	1.0E-10	1.0E+10	1E-30	1.0E-10	1.0E+10	1E-30	1.0E-10
4	9.41923555373619E-09	1.0E+10	1.0E+10	1E-30	0.000000000027	1.0E+10	1E-30	1.0E+10	2.69284429032471E-02	5.51919757114471E-07	1.0E+10	17.7805090625987	6.96149183946628E-07	1.0E+10	2.76036532250672	6.13555808986686E-07	1.0E+10	0.415784235870687	6.74229133945979E-07	1.0E+10	6.74836811028213E-02	5.94082723907876E-07	1.0E+10	1.84464677603478E-02	1E-30	2.3672872217178E-11	0.250335292558299	1.69216277899225E-08	1.03054962880644E-11	5.85339251877652E-02	4.46549573105697E-09	1.1252626070497E-11	0.070131930282013	7.6305898226543E-12	4.07210641291564E-11	5.98856491491106	0.000000000025	0.000000000012	100000	1.0E+10	1E-30	1.0E-10	1.0E+10	1E-30	1.0E-10	1.0E+10	1E-30	1.0E-10	1.0E+10	1E-30	1.0E-10	1.0E+10	1E-30	1.0E-10
5	2.13878646393349E-08	1.0E+10	1.0E+10	1E-30	4.5347498098234E-11	1.0E+10	1E-30	1.0E+10	2.18782530512107E-02	1.33126394082604E-06	1.0E+10	5.85539183731161	1.46756018400338E-06	1.0E+10	0.84182963682805	1.34565721183654E-06	1.0E+10	0.138958682679674	1.0703578096022E-06	1.0E+10	2.27610928016063E-02	1E-30	1.86769300621738E-11	5.21558277999426E-02	7.74298149036372E-08	4.07320291973084E-12	1.55054777654317E-02	1.19035905828445E-08	6.41559445189927E-12	2.48277686413031E-02	5.2372243364601E-12	7.0577893369366E-11	9.0464612456538	1.0E+10	1E-30	1.0E-10	1.0E+10	1E-30	1.0E-10	1.0E+10	1E-30	1.0E-10	1.0E+10	1E-30	1.0E-10	1.0E+10	1E-30	1.0E-10	1.0E+10	1E-30	1.0E-10	1.0E+10	1E-30	1.0E-10
6	2.10312244834025E-08	1.0E+10	1.0E+10	1E-30	0.000000000043	1.0E+10	1E-30	1.0E+10	2.17142772961976E-02	1.35560508124665E-06	1.0E+10	6.45188983985278	1.46673067179035E-06	1.0E+10	1.01267422840696	1.24205512033295E-06	1.0E+10	0.172853931598787	1.05315317704658E-06	1.0E+10	2.65601515896541E-02	1E-30	1.77747825039612E-11	8.59162716975448E-02	4.56087848823205E-08	6.22718552586629E-12	2.00311026961197E-02	1.1316072981983E-08	6.51091495668264E-12	0.026862992298374	0.000000000006	0.00000000006	8.68252575885565	1.0E+10	1E-30	1.0E-10	1.0E+10	1E-30	1.0E-10	1.0E+10	1E-30	1.0E-10	1.0E+10	1E-30	1.0E-10	1.0E+10	1E-30	1.0E-10	1.0E+10	1E-30	1.0E-10	1.0E+10	1E-30	1.0E-10
7	2.10162545494771E-08	1.0E+10	1.0E+10	1E-30	4.2728944207611E-11	1.0E+10	1E-30	1.0E+10	1.99092949580565E-02	1.25414545228401E-06	1.0E+10	6.36022125671825	1.652588222826E-06	1.0E+10	0.747576219931075	1.38267259023546E-06	1.0E+10	0.13523863481185	1.10082719699653E-06	1.0E+10	2.21310969621297E-02	1E-30	2.04866415420346E-11	0.117395280255584	3.73052568895637E-08	1.00443891995331E-11	3.39229134135383E-02	1.11704307673131E-08	9.07048132278151E-12	3.73515019489992E-02	5.96681151530689E-12	5.65173438243104E-11	8.52599226674621	1.0E+10	1E-30	1.0E-10	1.0E+10	1E-30	1.0E-10	1.0E+10	1E-30	1.0E-10	1.0E+10	1E-30	1.0E-10	1.0E+10	1E-30	1.0E-10	1.0E+10	1E-30	1.0E-10	1.0E+10	1E-30	1.0E-10
8	4.36051966360204E-08	1.0E+10	1.0E+10	1E-30	0.000000000042	1.0E+10	1E-30	1.0E+10	1.08822901785432E-02	2.89889477148041E-06	1.0E+10	2.68898067260278	3.18556053008462E-06	1.0E+10	0.387823632624571	3.23421790476477E-06	1.0E+10	6.01119570744477E-02	2.87681826109411E-06	1.0E+10	1.28663401378431E-02	1E-30	2.96082187458017E-11	7.64514518150024E-02	8.20795478578185E-08	1.34506078629321E-11	3.62029249376836E-02	3.36167399865101E-08	1.00639531311046E-11	3.40556921459145E-02	6.00699763666166E-12	0.00000000005	13.9481173075742	1.0E+10	1E-30	1.0E-10	1.0E+10	1E-30	1.0E-10	1.0E+10	1E-30	1.0E-10	1.0E+10	1E-30	1.0E-10	1.0E+10	1E-30	1.0E-10	1.0E+10	1E-30	1.0E-10	1.0E+10	1E-30	1.0E-10
9	4.49646631842442E-08	1.0E+10	1.0E+10	1E-30	0.000000000028	1.0E+10	1E-30	1.0E+10	1.06671741391631E-02	2.9207789948571E-06	1.0E+10	2.73099833252654	3.42540832722259E-06	1.0E+10	0.404676311121623	3.22818112307616E-06	1.0E+10	6.57300856208616E-02	2.79599654952468E-06	1.0E+10	1.26424377541902E-02	1E-30	2.85918957078463E-11	8.29145441612082E-02	7.2735519717836E-08	1.51785512234617E-11	4.00593881921944E-02	3.39737103391777E-08	9.51001541597874E-12	3.61079079527691E-02	0.000000000013	0.00000000002	100000	0.00000000001	0.000000000026	4.2677121326191	1.0E+10	1E-30	1.0E-10	1.0E+10	1E-30	1.0E-10	1.0E+10	1E-30	1.0E-10	1.0E+10	1E-30	1.0E-10	1.0E+10	1E-30	1.0E-10	1.0E+10	1E-30	1.0E-10
10	9.1951448832559E-08	1.0E+10	5000000000	1E-30	0.000000000041	1.0E+10	1E-30	1.0E+10	7.00024597137223E-03	5.10935596143523E-06	1.0E+10	1.03750257317221	1.02106678506484E-05	1.0E+10	0.115548944489654	7.05091572025049E-06	1.0E+10	3.29217830773668E-02	6.16340085310908E-06	1.0E+10	5.43247611149618E-03	1E-30	3.65406706158391E-11	5.72898435944312E-02	1E-30	1.91625598050146E-13	2.40803828429636E-03	1.65475992609691E-07	1.5748493062748E-11	2.58238226068471E-02	8.14796514276179E-08	1.05207352203045E-11	2.31410266971126E-02	6.35008974396834E-12	0.000000000051	9.53013368550082	1.0E+10	1E-30	1.0E-10	1.0E+10	1E-30	1.0E-10	1.0E+10	1E-30	1.0E-10	1.0E+10	1E-30	1.0E-10	1.0E+10	1E-30	1.0E-10	1.0E+10	1E-30	1.0E-10
11	9.02766907154636E-08	1.0E+10	5000000000	1E-30	0.000000000016	1.0E+10	1E-30	1.0E+10	7.37814101821637E-03	5.59353269701452E-06	1.0E+10	1.39223137064856	7.15242189631323E-06	1.0E+10	0.212503950249032	6.55579362311907E-06	1.0E+10	3.38145489749759E-02	8.61325968901261E-06	1.0E+10	5.00406161881319E-03	1E-30	3.23533430446021E-11	5.83178305936836E-02	1.55265380503181E-07	1.6028739338512E-11	2.56850782213699E-02	6.77989871446795E-08	1.15311347473555E-11	2.47861218183875E-02	0.00000000000803	0.0000000000352	5.88621270203589	0.0000000000075	0.00000000003	100000	1.0E+10	1E-30	1.0E-10	1.0E+10	1E-30	1.0E-10	1.0E+10	1E-30	1.0E-10	1.0E+10	1E-30	1.0E-10	1.0E+10	1E-30	1.0E-10	1.0E+10	1E-30	1.0E-10
12	2.00547269492255E-07	1.0E+10	2272727272.72727	1E-30	0.0000000000331	1.0E+10	1E-30	1.0E+10	8.24551603499675E-03	1.07966175827157E-05	1.0E+10	0.908934133122524	1.34285948254709E-05	1.0E+10	0.142491697872964	1.35996608488907E-05	1.0E+10	2.31847312826054E-02	1.00656827837864E-05	1.0E+10	4.51579670712873E-03	1E-30	7.24588486358252E-12	6.07029830831689E-02	1E-30	3.13416106468953E-11	2.81876370010707E-02	4.40965522798334E-07	7.25099785546502E-12	5.93208818321847E-03	4.25683372658246E-12	6.53808003439267E-11	10.1747912792196	1.0E+10	1E-30	1.0E-10	1.0E+10	1E-30	1.0E-10	1.0E+10	1E-30	1.0E-10	1.0E+10	1E-30	1.0E-10	1.0E+10	1E-30	1.0E-10	1.0E+10	1E-30	1.0E-10	1.0E+10	1E-30	1.0E-10
13	2.01708261336726E-07	1.0E+10	2272727272.72727	1E-30	0.000000000008	1.0E+10	1E-30	1.0E+10	6.2410739470051E-03	1.61607093565831E-05	1.0E+10	0.493582452888059	1.83940132916838E-05	1.0E+10	8.65254039823115E-02	1.63751541457887E-05	1.0E+10	1.42081225620238E-02	1.65371669853702E-05	1.0E+10	2.01552883419964E-03	1E-30	7.04546132538304E-12	6.64019086229231E-02	1E-30	2.7584587063114E-11	3.76707604014293E-02	4.04509144094966E-07	1.55197673457293E-11	0.016109152509249	1.00832223622791E-07	1.91283903831074E-11	1.65280183742047E-02	0.000000000012	0.000000000025	2.33836873205731	0.000000000005	0.000000000045	100000	1.0E+10	1E-30	1.0E-10	1.0E+10	1E-30	1.0E-10	1.0E+10	1E-30	1.0E-10	1.0E+10	1E-30	1.0E-10	1.0E+10	1E-30	1.0E-10
14	4.16546139868899E-07	1.0E+10	1063829787.23404	1E-30	0.000000000034	1.0E+10	1E-30	1.0E+10	5.43807074087329E-03	3.1492944697205E-05	1.0E+10	0.126942445650594	4.30577039429575E-05	1.0E+10	1.67311870643196E-02	3.84012702058076E-05	1.0E+10	4.02146742185116E-03	1E-30	1.42275441889661E-11	8.74583481046253E-02	1E-30	3.57062715768473E-11	2.34279923277117E-02	9.86311950091075E-07	1.38895781949737E-11	9.05084841387183E-03	2.64465367648363E-07	1.70274231271926E-11	9.62878093307157E-03	1.97437317526233E-11	1.72793314768414E-11	2.21481252972478	0.000000000015	0.000000000018	100000	1.0E+10	1E-30	1.0E-10	1.0E+10	1E-30	1.0E-10	1.0E+10	1E-30	1.0E-10	1.0E+10	1E-30	1.0E-10	1.0E+10	1E-30	1.0E-10	1.0E+10	1E-30	1.0E-10
15	7.46448059503484E-07	1.0E+10	50000000	1E-30	0.000000000048	1.0E+10	1E-30	1.0E+10	4.77120512613621E-03	2.77967548316286E-05	1.0E+10	116.760259820617	2.66043720568244E-05	1.0E+10	14.991225027969	2.26262476104322E-05	1.0E+10	2.21910371492307	3.82234990326632E-05	1.0E+10	0.259555255306205	2.1400947996383E-05	1.0E+10	0.117865613194104	1.49868399428468E-05	1.0E+10	0.026416030239141	1.88512144790283E-05	1.0E+10	4.39937325236954E-03	1E-30	8.92682694419016E-12	5.12116115567339E-02	1E-30	4.12857169002269E-11	0.028365497141583	1.37043116786006E-06	1.80502440985828E-11	1.33814955052273E-02	4.43053220278146E-07	1.97270677844398E-11	0.014213865095775	0.000000000052	0.000000000006	100000	1.74630207832395E-11	1.33455180015131E-11	1.24709472519349	1.0E+10	1E-30	1.0E-10	1.0E+10	1E-30	1.0E-10
16	1.5746053706744E-06	1.0E+10	22727272.7272727	1E-30	0.000000000033	1.0E+10	1E-30	1.0E+10	3.52843118947899E-03	4.79768921410773E-05	1.0E+10	53.7349733253404	6.81760891117048E-05	1.0E+10	5.85002943742033	4.55518165233473E-05	1.0E+10	1.38766436382435	4.85607474573308E-05	1.0E+10	0.180326265593264	3.45847079271743E-05	1.0E+10	4.00807665880723E-02	2.97746071395939E-05	1.0E+10	5.93924967098904E-03	1E-30	1.62108760448694E-11	0.10434648211829	1E-30	5.79925870307939E-11	2.12966315112831E-02	2.66294647601396E-06	2.27554676416325E-11	8.30880774979457E-03	1.10147451653329E-06	2.01902680769453E-11	8.84754066581328E-03	0.000000000015	0.000000000017	100000	0.00000000003	0.000000000008	0.621725007830939	1.0E+10	1E-30	1.0E-10	1.0E+10	1E-30	1.0E-10	1.0E+10	1E-30	1.0E-10
END DSCRDATA
