BEGIN DSCRDATA
% INDEX	K01	L01	M01	K02	L02	M02	K03	L03	M03	K04	L04	M04	K05	L05	M05	K06	L06	M06	K07	L07	M07	K08	L08	M08	K09	L09	M09	K10	L10	M10	K11	L11	M11	K12	L12	M12	K13	L13	M13	K14	L14	M14	K15	L15	M15	K16	L16	M16
0	7.26E-15	1E-30	1.0E-10	1.0E+10	0.00000000138	0.0197	1.0E+10	1E-30	3500	1.0E+10	0.0000000378	114	1.0E+10	0.0000000134	4.96	1.0E+10	0.000000126	23.3	8.23E-14	0.000000000781	0.603	1E-30	1.0E+10	1.0E+10	1E-30	1.0E+10	1.0E+10	1E-30	1.0E+10	1.0E+10	1E-30	1.0E+10	1.0E+10	1E-30	1.0E+10	1.0E+10	1E-30	1.0E+10	1.0E+10	1E-30	1.0E+10	1.0E+10	1E-30	1.0E+10	1.0E+10	1E-30	1.0E+10	1.0E+10
1	6.18E-17	1E-30	1.0E-10	1.0E+10	0.00000000155	0.0193	1.0E+10	1E-30	3580	1.0E+10	0.0000000489	177	1.0E+10	0.0000000285	20.7	1.0E+10	0.0000000151	2.5	3.43E-15	0.0000000374	97.8	0.00000000000011	0.000000000735	0.554	1E-30	1.0E+10	1.0E+10	1E-30	1.0E+10	1.0E+10	1E-30	1.0E+10	1.0E+10	1E-30	1.0E+10	1.0E+10	1E-30	1.0E+10	1.0E+10	1E-30	1.0E+10	1.0E+10	1E-30	1.0E+10	1.0E+10	1E-30	1.0E+10	1.0E+10
2	6.18E-17	1E-30	1.0E-10	1.0E+10	0.00000000165	0.0216	1.0E+10	1E-30	3500	1.0E+10	0.0000000456	155	1.0E+10	0.0000000285	16.4	1.0E+10	0.000000017	2.8	3.59E-15	0.0000000374	30.2	0.000000000000145	0.000000000769	0.82	1E-30	1.0E+10	1.0E+10	1E-30	1.0E+10	1.0E+10	1E-30	1.0E+10	1.0E+10	1E-30	1.0E+10	1.0E+10	1E-30	1.0E+10	1.0E+10	1E-30	1.0E+10	1.0E+10	1E-30	1.0E+10	1.0E+10	1E-30	1.0E+10	1.0E+10
3	6.93E-15	1E-30	1.0E-10	1.0E+10	0.00000000169	0.0248	1.0E+10	1E-30	4210	1.0E+10	0.0000000412	138	1.0E+10	0.0000000349	13.3	1.0E+10	0.0000000238	6.31	2.37E-15	0.0000000541	44.7	0.000000000000219	0.000000000769	0.594	1E-30	1.0E+10	1.0E+10	1E-30	1.0E+10	1.0E+10	1E-30	1.0E+10	1.0E+10	1E-30	1.0E+10	1.0E+10	1E-30	1.0E+10	1.0E+10	1E-30	1.0E+10	1.0E+10	1E-30	1.0E+10	1.0E+10	1E-30	1.0E+10	1.0E+10
4	4.38E-16	1E-30	1.0E-10	1.0E+10	0.00000000201	0.0248	1.0E+10	1E-30	4210	1.0E+10	0.0000000441	144	1.0E+10	0.0000000205	7.85	1.0E+10	0.0000000217	3.09	7.36E-16	0.000000176	145	0.000000000000115	0.000000000608	0.43	1E-30	1.0E+10	1.0E+10	1E-30	1.0E+10	1.0E+10	1E-30	1.0E+10	1.0E+10	1E-30	1.0E+10	1.0E+10	1E-30	1.0E+10	1.0E+10	1E-30	1.0E+10	1.0E+10	1E-30	1.0E+10	1.0E+10	1E-30	1.0E+10	1.0E+10
5	4.38E-16	1E-30	1.0E-10	1.0E+10	0.00000000209	0.0248	1.0E+10	1E-30	4210	1.0E+10	0.0000000462	141	1.0E+10	0.0000000145	4.73	1.0E+10	0.0000000737	5.01	1.34E-15	0.0000000968	79.4	0.000000000000136	0.000000000687	0.506	1E-30	1.0E+10	1.0E+10	1E-30	1.0E+10	1.0E+10	1E-30	1.0E+10	1.0E+10	1E-30	1.0E+10	1.0E+10	1E-30	1.0E+10	1.0E+10	1E-30	1.0E+10	1.0E+10	1E-30	1.0E+10	1.0E+10	1E-30	1.0E+10	1.0E+10
6	4.38E-16	1E-30	1.0E-10	1.0E+10	0.00000000282	0.053	1.0E+10	1E-30	5180	1.0E+10	0.0000000421	129	1.0E+10	0.0000000113	3.93	1.0E+10	0.0000000212	1.45	3.7E-15	0.0000000352	28.8	0.000000000000175	0.000000000614	0.622	1E-30	1.0E+10	1.0E+10	1E-30	1.0E+10	1.0E+10	1E-30	1.0E+10	1.0E+10	1E-30	1.0E+10	1.0E+10	1E-30	1.0E+10	1.0E+10	1E-30	1.0E+10	1.0E+10	1E-30	1.0E+10	1.0E+10	1E-30	1.0E+10	1.0E+10
7	3.81E-16	1E-30	1.0E-10	1.0E+10	0.00000000263	0.0278	1.0E+10	1E-30	6670	1.0E+10	0.0000000568	199	1.0E+10	0.0000000205	7.16	1.0E+10	0.0000000789	7.59	1.65E-14	0.00000000752	10.7	0.000000000000184	0.000000000739	2.84	0.000000000000014	0.00000000447	11.6	1E-30	1.0E+10	1.0E+10	1E-30	1.0E+10	1.0E+10	1E-30	1.0E+10	1.0E+10	1E-30	1.0E+10	1.0E+10	1E-30	1.0E+10	1.0E+10	1E-30	1.0E+10	1.0E+10	1E-30	1.0E+10	1.0E+10
8	3.64E-16	1E-30	1.0E-10	1.0E+10	0.00000000299	0.0518	1.0E+10	1E-30	7480	1.0E+10	0.0000000543	195	1.0E+10	0.0000000175	6.09	1.0E+10	0.0000000261	2.51	1.37E-14	0.00000000904	10.2	0.000000000000197	0.000000000689	2.53	1.22E-14	0.00000000493	13	1E-30	1.0E+10	1.0E+10	1E-30	1.0E+10	1.0E+10	1E-30	1.0E+10	1.0E+10	1E-30	1.0E+10	1.0E+10	1E-30	1.0E+10	1.0E+10	1E-30	1.0E+10	1.0E+10	1E-30	1.0E+10	1.0E+10
9	3.64E-16	1E-30	1.0E-10	1.0E+10	0.00000000318	0.0683	1.0E+10	1E-30	6080	1.0E+10	0.0000000595	186	1.0E+10	0.0000000277	9.66	1.0E+10	0.0000000378	3.63	2.87E-16	0.000000453	501	7.05E-14	0.000000000667	4.16	1E-30	1.0E+10	1.0E+10	1E-30	1.0E+10	1.0E+10	1E-30	1.0E+10	1.0E+10	1E-30	1.0E+10	1.0E+10	1E-30	1.0E+10	1.0E+10	1E-30	1.0E+10	1.0E+10	1E-30	1.0E+10	1.0E+10	1E-30	1.0E+10	1.0E+10
10	3.64E-16	1E-30	1.0E-10	1.0E+10	0.00000000349	0.0683	1.0E+10	1E-30	6820	1.0E+10	0.0000000595	174	1.0E+10	0.0000000365	12.7	1.0E+10	0.0000000369	3.55	7.05E-16	0.000000184	204	8.95E-14	0.000000000631	3.59	1E-30	1.0E+10	1.0E+10	1E-30	1.0E+10	1.0E+10	1E-30	1.0E+10	1.0E+10	1E-30	1.0E+10	1.0E+10	1E-30	1.0E+10	1.0E+10	1E-30	1.0E+10	1.0E+10	1E-30	1.0E+10	1.0E+10	1E-30	1.0E+10	1.0E+10
11	3.64E-16	1E-30	1.0E-10	1.0E+10	0.00000000381	0.0683	1.0E+10	1E-30	7310	1.0E+10	0.0000000841	295	1.0E+10	0.0000000325	14	1.0E+10	0.0000000387	3.72	7.91E-16	0.000000164	182	9.82E-14	0.000000000603	3.35	1E-30	1.0E+10	1.0E+10	1E-30	1.0E+10	1.0E+10	1E-30	1.0E+10	1.0E+10	1E-30	1.0E+10	1.0E+10	1E-30	1.0E+10	1.0E+10	1E-30	1.0E+10	1.0E+10	1E-30	1.0E+10	1.0E+10	1E-30	1.0E+10	1.0E+10
12	3.64E-16	1E-30	1.0E-10	1.0E+10	0.00000000448	0.0987	1.0E+10	1E-30	9210	1.0E+10	0.0000000367	112	1.0E+10	0.0000000449	22.6	1.0E+10	0.0000000387	3.72	2.33E-15	0.0000000557	120	0.000000000000134	0.000000000598	0.903	1E-30	1.0E+10	1.0E+10	1E-30	1.0E+10	1.0E+10	1E-30	1.0E+10	1.0E+10	1E-30	1.0E+10	1.0E+10	1E-30	1.0E+10	1.0E+10	1E-30	1.0E+10	1.0E+10	1E-30	1.0E+10	1.0E+10	1E-30	1.0E+10	1.0E+10
13	3.64E-16	1E-30	1.0E-10	1.0E+10	0.00000000462	0.0987	1.0E+10	1E-30	6980	1.0E+10	0.0000000901	295	1.0E+10	0.0000000429	22.1	1.0E+10	0.0000000353	3.39	1.12E-15	0.000000116	251	8.29E-14	0.000000000584	1.14	1E-30	1.0E+10	1.0E+10	1E-30	1.0E+10	1.0E+10	1E-30	1.0E+10	1.0E+10	1E-30	1.0E+10	1.0E+10	1E-30	1.0E+10	1.0E+10	1E-30	1.0E+10	1.0E+10	1E-30	1.0E+10	1.0E+10	1E-30	1.0E+10	1.0E+10
14	3.64E-16	1E-30	1.0E-10	1.0E+10	0.00000000528	0.0965	1.0E+10	1E-30	7150	1.0E+10	0.0000000884	280	1.0E+10	0.0000000396	16.1	1.0E+10	0.0000000309	2.25	1.12E-15	0.000000116	251	9.42E-14	0.000000000563	1.05	1E-30	1.0E+10	1.0E+10	1E-30	1.0E+10	1.0E+10	1E-30	1.0E+10	1.0E+10	1E-30	1.0E+10	1.0E+10	1E-30	1.0E+10	1.0E+10	1E-30	1.0E+10	1.0E+10	1E-30	1.0E+10	1.0E+10	1E-30	1.0E+10	1.0E+10
15	3.64E-16	1E-30	1.0E-10	1.0E+10	0.00000000557	0.0784	1.0E+10	1E-30	7150	1.0E+10	0.0000000884	274	1.0E+10	0.0000000353	11.1	1.0E+10	0.0000000427	2.83	1.94E-15	0.000000067	126	0.000000000000115	0.000000000625	1.7	1E-30	1.0E+10	1.0E+10	1E-30	1.0E+10	1.0E+10	1E-30	1.0E+10	1.0E+10	1E-30	1.0E+10	1.0E+10	1E-30	1.0E+10	1.0E+10	1E-30	1.0E+10	1.0E+10	1E-30	1.0E+10	1.0E+10	1E-30	1.0E+10	1.0E+10
16	3.64E-16	1E-30	1.0E-10	1.0E+10	0.0000000058	0.09	1.0E+10	1E-30	8590	1.0E+10	0.000000119	444	1.0E+10	0.0000000476	24.3	1.0E+10	0.0000000526	4.39	1.94E-15	0.000000067	126	3.25E-14	0.00000000268	6.92	8.98E-14	0.000000000704	2.57	1E-30	1.0E+10	1.0E+10	1E-30	1.0E+10	1.0E+10	1E-30	1.0E+10	1.0E+10	1E-30	1.0E+10	1.0E+10	1E-30	1.0E+10	1.0E+10	1E-30	1.0E+10	1.0E+10	1E-30	1.0E+10	1.0E+10
17	3.64E-16	1E-30	1.0E-10	1.0E+10	0.00000000634	0.103	1.0E+10	1E-30	8590	1.0E+10	0.000000137	522	1.0E+10	0.0000000547	27.9	1.0E+10	0.0000000514	4.29	1.94E-15	0.000000067	126	1.51E-14	0.0000000057	16.6	0.000000000000117	0.000000000608	0.659	1E-30	1.0E+10	1.0E+10	1E-30	1.0E+10	1.0E+10	1E-30	1.0E+10	1.0E+10	1E-30	1.0E+10	1.0E+10	1E-30	1.0E+10	1.0E+10	1E-30	1.0E+10	1.0E+10	1E-30	1.0E+10	1.0E+10
18	3.64E-16	1E-30	1.0E-10	1.0E+10	0.00000000695	0.103	1.0E+10	1E-30	8020	1.0E+10	0.000000137	465	1.0E+10	0.0000000657	33.6	1.0E+10	0.0000000538	4.49	2.87E-15	0.0000000453	42.7	6.73E-14	0.0000000016	4.47	9.95E-14	0.000000000818	1.7	1E-30	1.0E+10	1.0E+10	1E-30	1.0E+10	1.0E+10	1E-30	1.0E+10	1.0E+10	1E-30	1.0E+10	1.0E+10	1E-30	1.0E+10	1.0E+10	1E-30	1.0E+10	1.0E+10	1E-30	1.0E+10	1.0E+10
19	9.57E-17	1E-30	1.0E-10	1.0E+10	0.00000000836	0.11	1.0E+10	1E-30	8590	1.0E+10	0.000000165	599	1.0E+10	0.0000000688	36	1.0E+10	0.0000000381	3.25	1.34E-15	0.0000000968	91.3	0.000000000000115	0.000000000687	0.832	2.62E-14	0.00000000108	3.81	1E-30	1.0E+10	1.0E+10	1E-30	1.0E+10	1.0E+10	1E-30	1.0E+10	1.0E+10	1E-30	1.0E+10	1.0E+10	1E-30	1.0E+10	1.0E+10	1E-30	1.0E+10	1.0E+10	1E-30	1.0E+10	1.0E+10
20	2.24E-14	1E-30	1.0E-10	1.0E+10	0.00000000875	0.129	1.0E+10	1E-30	8790	1.0E+10	0.000000173	599	1.0E+10	0.0000000688	36	1.0E+10	0.0000000437	3.25	4.65E-15	0.0000000351	45.8	0.000000000000118	0.000000000641	0.795	1.59E-15	0.0000000771	75.8	1E-30	1.0E+10	1.0E+10	1E-30	1.0E+10	1.0E+10	1E-30	1.0E+10	1.0E+10	1E-30	1.0E+10	1.0E+10	1E-30	1.0E+10	1.0E+10	1E-30	1.0E+10	1.0E+10	1E-30	1.0E+10	1.0E+10
21	5.77E-14	1E-30	1.0E-10	1.0E+10	0.0000000105	0.129	1.0E+10	1E-30	9640	1.0E+10	0.000000185	642	1.0E+10	0.0000000808	42.3	1.0E+10	0.0000000364	2.25	2.28E-15	0.0000000718	93.4	0.000000000000099	0.000000000855	1	1.6E-15	0.0000000813	77.5	1E-30	1.0E+10	1.0E+10	1E-30	1.0E+10	1.0E+10	1E-30	1.0E+10	1.0E+10	1E-30	1.0E+10	1.0E+10	1E-30	1.0E+10	1.0E+10	1E-30	1.0E+10	1.0E+10	1E-30	1.0E+10	1.0E+10
22	2.89E-14	1E-30	1.0E-10	1.0E+10	0.0000000113	0.129	1.0E+10	1E-30	9640	1.0E+10	0.000000203	704	1.0E+10	0.0000000846	44.3	1.0E+10	0.0000000418	2.58	2.28E-15	0.0000000718	93.4	0.00000000000015	0.000000000619	0.692	3.75E-15	0.0000000347	33.1	1E-30	1.0E+10	1.0E+10	1E-30	1.0E+10	1.0E+10	1E-30	1.0E+10	1.0E+10	1E-30	1.0E+10	1.0E+10	1E-30	1.0E+10	1.0E+10	1E-30	1.0E+10	1.0E+10	1E-30	1.0E+10	1.0E+10
23	8.15E-14	1E-30	1.0E-10	1.0E+10	0.0000000127	0.152	1.0E+10	1E-30	10300	1.0E+10	0.000000228	790	1.0E+10	0.0000000846	44.3	1.0E+10	0.0000000427	2.64	2.28E-15	0.0000000718	93.4	7.69E-14	0.00000000121	1.35	3.84E-15	0.0000000339	32.3	3.56E-15	0.0000000172	32.6	1E-30	1.0E+10	1.0E+10	1E-30	1.0E+10	1.0E+10	1E-30	1.0E+10	1.0E+10	1E-30	1.0E+10	1.0E+10	1E-30	1.0E+10	1.0E+10	1E-30	1.0E+10	1.0E+10
24	0.000000000000048	1E-30	1.0E-10	1.0E+10	0.0000000135	0.183	1.0E+10	1E-30	13300	1.0E+10	0.000000228	866	1.0E+10	0.000000102	53.2	1.0E+10	0.0000000564	3.91	1.73E-15	0.000000143	152	8.82E-14	0.00000000105	2.34	1.21E-15	0.000000107	102	0.000000000000021	0.00000000306	19.2	1E-30	1.0E+10	1.0E+10	1E-30	1.0E+10	1.0E+10	1E-30	1.0E+10	1.0E+10	1E-30	1.0E+10	1.0E+10	1E-30	1.0E+10	1.0E+10	1E-30	1.0E+10	1.0E+10
25	0.000000000000017	1E-30	1.0E-10	1.0E+10	0.0000000152	0.178	1.0E+10	1E-30	10100	1.0E+10	0.000000262	827	1.0E+10	0.000000128	64	1.0E+10	0.0000000778	6.05	1.73E-15	0.000000143	152	0.000000000000101	0.00000000115	3.02	1.56E-14	0.00000000872	8.12	7.45E-14	0.000000000904	3.49	1E-30	1.0E+10	1.0E+10	1E-30	1.0E+10	1.0E+10	1E-30	1.0E+10	1.0E+10	1E-30	1.0E+10	1.0E+10	1E-30	1.0E+10	1.0E+10	1E-30	1.0E+10	1.0E+10
26	4.79E-15	1E-30	1.0E-10	1.0E+10	0.000000019	0.209	1.0E+10	1E-30	13300	1.0E+10	0.000000308	950	1.0E+10	0.000000157	78.7	1.0E+10	0.000000103	7.98	0.000000000000105	0.00000000135	6.16	8.55E-14	0.000000000863	0.939	1E-30	1.0E+10	1.0E+10	1E-30	1.0E+10	1.0E+10	1E-30	1.0E+10	1.0E+10	1E-30	1.0E+10	1.0E+10	1E-30	1.0E+10	1.0E+10	1E-30	1.0E+10	1.0E+10	1E-30	1.0E+10	1.0E+10	1E-30	1.0E+10	1.0E+10
27	8.52E-15	1E-30	1.0E-10	1.0E+10	0.0000000228	0.24	1.0E+10	1E-30	14600	1.0E+10	0.000000388	1250	1.0E+10	0.000000177	88.3	1.0E+10	0.000000118	9.16	3.34E-14	0.00000000513	11.7	0.000000000000145	0.000000000485	1.1	1E-30	1.0E+10	1.0E+10	1E-30	1.0E+10	1.0E+10	1E-30	1.0E+10	1.0E+10	1E-30	1.0E+10	1.0E+10	1E-30	1.0E+10	1.0E+10	1E-30	1.0E+10	1.0E+10	1E-30	1.0E+10	1.0E+10	1E-30	1.0E+10	1.0E+10
28	4.27E-14	1E-30	1.0E-10	1.0E+10	0.0000000281	0.269	1.0E+10	1E-30	16400	1.0E+10	0.000000445	1440	1.0E+10	0.000000212	106	1.0E+10	0.000000135	11.3	2.47E-14	0.00000000872	17.8	0.000000000000124	0.000000000655	1.3	6.62E-15	0.0000000194	68.7	1E-30	1.0E+10	1.0E+10	1E-30	1.0E+10	1.0E+10	1E-30	1.0E+10	1.0E+10	1E-30	1.0E+10	1.0E+10	1E-30	1.0E+10	1.0E+10	1E-30	1.0E+10	1.0E+10	1E-30	1.0E+10	1.0E+10
29	5.02E-15	1E-30	1.0E-10	1.0E+10	0.0000000354	0.309	1.0E+10	1E-30	19300	1.0E+10	0.000000488	1510	1.0E+10	0.000000279	140	1.0E+10	0.000000155	14.2	1.45E-14	0.0000000204	35.5	9.85E-14	0.000000000947	1.75	9.14E-15	0.0000000141	49.8	0.0000000000001	0.000000000642	3.26	1E-30	1.0E+10	1.0E+10	1E-30	1.0E+10	1.0E+10	1E-30	1.0E+10	1.0E+10	1E-30	1.0E+10	1.0E+10	1E-30	1.0E+10	1.0E+10	1E-30	1.0E+10	1.0E+10
30	2.89E-15	1E-30	1.0E-10	1.0E+10	0.0000000425	0.389	1.0E+10	1E-30	26600	1.0E+10	0.000000573	1650	1.0E+10	0.00000036	180	1.0E+10	0.000000195	19.6	1.75E-14	0.0000000246	35.5	0.000000000000183	0.000000000404	0.259	0.000000000000024	0.0000000051	18.5	8.81E-16	0.00000127	757	1E-30	1.0E+10	1.0E+10	1E-30	1.0E+10	1.0E+10	1E-30	1.0E+10	1.0E+10	1E-30	1.0E+10	1.0E+10	1E-30	1.0E+10	1.0E+10	1E-30	1.0E+10	1.0E+10
31	3.63E-14	1E-30	1.0E-10	1.0E+10	0.0000000495	0.457	1.0E+10	1E-30	31200	1.0E+10	0.000000658	1900	1.0E+10	0.000000423	207	1.0E+10	0.000000251	25.3	1.13E-14	0.0000000437	58.9	0.000000000000142	0.000000000545	1.3	2.76E-14	0.0000000056	18.1	1.69E-16	0.0000076	6630	1E-30	1.0E+10	1.0E+10	1E-30	1.0E+10	1.0E+10	1E-30	1.0E+10	1.0E+10	1E-30	1.0E+10	1.0E+10	1E-30	1.0E+10	1.0E+10	1E-30	1.0E+10	1.0E+10
32	4.68E-15	1E-30	1.0E-10	1.0E+10	0.0000000608	0.501	1.0E+10	1E-30	31200	1.0E+10	0.000000756	2180	1.0E+10	0.00000052	254	1.0E+10	0.000000276	27.7	1.27E-14	0.000000049	58.9	0.000000000000197	0.000000000475	2.59	3.81E-14	0.00000000424	20.3	2.5E-15	0.00000071	469	1E-30	1.0E+10	1.0E+10	1E-30	1.0E+10	1.0E+10	1E-30	1.0E+10	1.0E+10	1E-30	1.0E+10	1.0E+10	1E-30	1.0E+10	1.0E+10	1E-30	1.0E+10	1.0E+10
33	6.32E-15	1E-30	1.0E-10	1.0E+10	0.0000000748	0.602	1.0E+10	1E-30	31200	1.0E+10	0.000000951	2560	1.0E+10	0.000000655	320	1.0E+10	0.000000324	32.6	1.18E-14	0.0000000661	162	0.000000000000201	0.000000000386	1.46	3.56E-14	0.00000000315	18.1	5.46E-15	0.0000000448	79.7	1E-30	1.0E+10	1.0E+10	1E-30	1.0E+10	1.0E+10	1E-30	1.0E+10	1.0E+10	1E-30	1.0E+10	1.0E+10	1E-30	1.0E+10	1.0E+10	1E-30	1.0E+10	1.0E+10
34	0.000000000000126	1E-30	1.0E-10	1.0E+10	0.0000000877	0.691	1.0E+10	1E-30	31200	1.0E+10	0.00000107	2620	1.0E+10	0.00000077	376	1.0E+10	0.00000038	38.3	1.36E-14	0.0000000725	159	0.000000000000113	0.000000000787	2.78	0.000000000000027	0.00000000547	27.3	1.04E-14	0.0000000282	91.5	1.45E-15	0.00000184	1530	1E-30	1.0E+10	1.0E+10	1E-30	1.0E+10	1.0E+10	1E-30	1.0E+10	1.0E+10	1E-30	1.0E+10	1.0E+10	1E-30	1.0E+10	1.0E+10
35	5.38E-14	1E-30	1.0E-10	1.0E+10	0.000000102	0.891	1.0E+10	1E-30	31200	1.0E+10	0.00000134	3300	1.0E+10	0.000000844	412	1.0E+10	0.00000049	49.3	1.67E-14	0.0000000742	145	0.000000000000142	0.000000000597	2.16	7.26E-14	0.00000000147	8.65	1.19E-14	0.0000000324	91.5	3.26E-15	0.00000104	766	2.35E-14	0.00000000721	33.6	1E-30	1.0E+10	1.0E+10	1E-30	1.0E+10	1.0E+10	1E-30	1.0E+10	1.0E+10	1E-30	1.0E+10	1.0E+10
36	7.09E-14	1E-30	1.0E-10	1.0E+10	0.000000129	0.999	1.0E+10	1E-30	31200	1.0E+10	0.00000186	4350	1.0E+10	0.00000111	544	1.0E+10	0.000000589	59.3	0.000000000000011	0.000000049	145	0.000000000000171	0.00000000057	1.92	2.52E-15	0.0000000244	189	3.29E-15	0.0000000853	105	0.000000000000016	0.000000101	171	4.17E-14	0.00000000322	16.8	1E-30	1.0E+10	1.0E+10	1E-30	1.0E+10	1.0E+10	1E-30	1.0E+10	1.0E+10	1E-30	1.0E+10	1.0E+10
37	9.13E-15	1E-30	1.0E-10	1.0E+10	0.000000154	1.29	1.0E+10	1E-30	35100	1.0E+10	0.00000218	4770	1.0E+10	0.00000117	569	1.0E+10	0.000000708	71.3	1.18E-14	0.0000000525	145	8.01E-14	0.00000000154	4.61	2.7E-16	0.000000262	238	0.000000000000015	0.0000000195	74.3	1.87E-14	0.000000108	164	3.31E-14	0.00000000487	15.4	0.00000000000024	0.000000000425	2.82	1E-30	1.0E+10	1.0E+10	1E-30	1.0E+10	1.0E+10	1E-30	1.0E+10	1.0E+10
38	2.95E-15	1E-30	1.0E-10	1.0E+10	0.000000176	2.46	1.0E+10	1E-30	36800	1.0E+10	0.00000354	7560	1.0E+10	0.00000162	785	1.0E+10	0.00000132	133	6.64E-15	0.0000000892	252	7.87E-15	0.0000000372	142	1.29E-14	0.000000149	232	1.02E-14	0.0000000131	34.5	0.000000000000219	0.000000000388	2.82	1E-30	1.0E+10	1.0E+10	1E-30	1.0E+10	1.0E+10	1E-30	1.0E+10	1.0E+10	1E-30	1.0E+10	1.0E+10	1E-30	1.0E+10	1.0E+10
39	3.55E-14	1E-30	1.0E-10	1.0E+10	0.000000213	2.96	1.0E+10	1E-30	36800	1.0E+10	0.00000488	9520	1.0E+10	0.0000019	923	1.0E+10	0.00000145	146	6.64E-15	0.000000112	283	3.86E-15	0.0000000955	324	1.29E-14	0.000000179	254	1.41E-14	0.00000000907	24.4	6.92E-14	0.00000000102	2.04	0.00000000000014	0.000000000632	5.35	4.24E-15	0.0000000437	203	1E-30	1.0E+10	1.0E+10	1E-30	1.0E+10	1.0E+10	1E-30	1.0E+10	1.0E+10
40	1.12E-14	1E-30	1.0E-10	1.0E+10	0.000000259	3.39	1.0E+10	1E-30	36800	1.0E+10	0.00000629	10900	1.0E+10	0.00000218	1060	1.0E+10	0.00000178	179	4.81E-15	0.000000186	428	3.21E-15	0.000000132	418	1.21E-14	0.000000242	305	2.82E-15	0.0000000866	337	0.000000000000049	0.0000000019	5.01	1.94E-14	0.00000000632	18.1	0.000000000000177	0.000000000419	4.34	1E-30	1.0E+10	1.0E+10	1E-30	1.0E+10	1.0E+10	1E-30	1.0E+10	1.0E+10
41	2.24E-14	1E-30	1.0E-10	1.0E+10	0.000000326	4.27	1.0E+10	1E-30	36800	1.0E+10	0.00000888	13800	1.0E+10	0.00000256	1240	1.0E+10	0.00000214	215	6.05E-15	0.000000204	399	3.86E-15	0.000000151	408	1.87E-14	0.000000206	279	3.31E-15	0.000000107	345	1.74E-14	0.00000000773	17	3.78E-15	0.0000000538	315	0.00000000000025	0.000000000374	0.547	1E-30	1.0E+10	1.0E+10	1E-30	1.0E+10	1.0E+10	1E-30	1.0E+10	1.0E+10
END DSCRDATA
