BEGIN DSCRDATA
% INDEX	K01	L01	M01	K02	L02	M02	K03	L03	M03	K04	L04	M04	K05	L05	M05	K06	L06	M06	K07	L07	M07	K08	L08	M08	K09	L09	M09	K10	L10	M10	K11	L11	M11	K12	L12	M12	K13	L13	M13	K14	L14	M14	K15	L15	M15	K16	L16	M16
0	0.000000000000001	1E-30	1.0E-10	1.0E+10	0.00000000027	0.008	1.0E+10	1E-30	1000	1.0E+10	0.000000018	75	1.0E+10	0.0000002	2000	1.0E+10	0.000000044	35	7.6E-15	0.000000005	0.1	1E-30	1.0E+10	1.0E+10	1E-30	1.0E+10	1.0E+10	1E-30	1.0E+10	1.0E+10	1E-30	1.0E+10	1.0E+10	1E-30	1.0E+10	1.0E+10	1E-30	1.0E+10	1.0E+10	1E-30	1.0E+10	1.0E+10	1E-30	1.0E+10	1.0E+10	1E-30	1.0E+10	1.0E+10
1	0.000000000000001	1E-30	1.0E-10	1.0E+10	0.00000000027	0.008	1.0E+10	1E-30	1000	1.0E+10	0.000000018	75	1.0E+10	0.0000002	2000	1.0E+10	0.000000044	35	7.6E-15	0.000000005	0.1	1E-30	1.0E+10	1.0E+10	1E-30	1.0E+10	1.0E+10	1E-30	1.0E+10	1.0E+10	1E-30	1.0E+10	1.0E+10	1E-30	1.0E+10	1.0E+10	1E-30	1.0E+10	1.0E+10	1E-30	1.0E+10	1.0E+10	1E-30	1.0E+10	1.0E+10	1E-30	1.0E+10	1.0E+10
2	0.000000000000001	1E-30	1.0E-10	1.0E+10	0.00000000037	0.011	1.0E+10	1E-30	1000	1.0E+10	0.000000014	75	1.0E+10	0.0000002	2000	1.0E+10	0.000000044	35	7.6E-15	0.000000005	0.1	1E-30	1.0E+10	1.0E+10	1E-30	1.0E+10	1.0E+10	1E-30	1.0E+10	1.0E+10	1E-30	1.0E+10	1.0E+10	1E-30	1.0E+10	1.0E+10	1E-30	1.0E+10	1.0E+10	1E-30	1.0E+10	1.0E+10	1E-30	1.0E+10	1.0E+10	1E-30	1.0E+10	1.0E+10
3	0.000000000000001	1E-30	1.0E-10	1.0E+10	0.00000000037	0.011	1.0E+10	1E-30	1000	1.0E+10	0.000000014	75	1.0E+10	0.0000002	2000	1.0E+10	0.000000044	35	7.6E-15	0.000000005	0.1	1E-30	1.0E+10	1.0E+10	1E-30	1.0E+10	1.0E+10	1E-30	1.0E+10	1.0E+10	1E-30	1.0E+10	1.0E+10	1E-30	1.0E+10	1.0E+10	1E-30	1.0E+10	1.0E+10	1E-30	1.0E+10	1.0E+10	1E-30	1.0E+10	1.0E+10	1E-30	1.0E+10	1.0E+10
4	0.000000000000001	1E-30	1.0E-10	1.0E+10	0.00000000048	0.021	1.0E+10	1E-30	1100	1.0E+10	0.000000016	75	1.0E+10	0.0000002	2000	1.0E+10	0.000000044	35	7.6E-15	0.000000005	0.1	1E-30	1.0E+10	1.0E+10	1E-30	1.0E+10	1.0E+10	1E-30	1.0E+10	1.0E+10	1E-30	1.0E+10	1.0E+10	1E-30	1.0E+10	1.0E+10	1E-30	1.0E+10	1.0E+10	1E-30	1.0E+10	1.0E+10	1E-30	1.0E+10	1.0E+10	1E-30	1.0E+10	1.0E+10
5	0.000000000000001	1E-30	1.0E-10	1.0E+10	0.00000000048	0.021	1.0E+10	1E-30	1100	1.0E+10	0.000000016	75	1.0E+10	0.0000002	2000	1.0E+10	0.000000044	35	7.6E-15	0.000000005	0.1	1E-30	1.0E+10	1.0E+10	1E-30	1.0E+10	1.0E+10	1E-30	1.0E+10	1.0E+10	1E-30	1.0E+10	1.0E+10	1E-30	1.0E+10	1.0E+10	1E-30	1.0E+10	1.0E+10	1E-30	1.0E+10	1.0E+10	1E-30	1.0E+10	1.0E+10	1E-30	1.0E+10	1.0E+10
6	0.000000000000001	1E-30	1.0E-10	1.0E+10	0.00000000059	0.053	1.0E+10	1E-30	1200	1.0E+10	0.000000014	75	1.0E+10	0.0000002	2000	1.0E+10	0.000000044	35	7.6E-15	0.000000005	0.1	1E-30	1.0E+10	1.0E+10	1E-30	1.0E+10	1.0E+10	1E-30	1.0E+10	1.0E+10	1E-30	1.0E+10	1.0E+10	1E-30	1.0E+10	1.0E+10	1E-30	1.0E+10	1.0E+10	1E-30	1.0E+10	1.0E+10	1E-30	1.0E+10	1.0E+10	1E-30	1.0E+10	1.0E+10
7	0.000000000000001	1E-30	1.0E-10	1.0E+10	0.00000000059	0.053	1.0E+10	1E-30	1200	1.0E+10	0.000000014	75	1.0E+10	0.0000002	2000	1.0E+10	0.000000044	35	7.6E-15	0.000000005	0.1	1E-30	1.0E+10	1.0E+10	1E-30	1.0E+10	1.0E+10	1E-30	1.0E+10	1.0E+10	1E-30	1.0E+10	1.0E+10	1E-30	1.0E+10	1.0E+10	1E-30	1.0E+10	1.0E+10	1E-30	1.0E+10	1.0E+10	1E-30	1.0E+10	1.0E+10	1E-30	1.0E+10	1.0E+10
8	0.00000000000001	1E-30	1.0E-10	1.0E+10	0.0000000007	0.043	1.0E+10	1E-30	1300	1.0E+10	0.000000018	75	1.0E+10	0.0000002	2000	1.0E+10	0.000000044	35	7.6E-15	0.000000005	0.1	1E-30	1.0E+10	1.0E+10	1E-30	1.0E+10	1.0E+10	1E-30	1.0E+10	1.0E+10	1E-30	1.0E+10	1.0E+10	1E-30	1.0E+10	1.0E+10	1E-30	1.0E+10	1.0E+10	1E-30	1.0E+10	1.0E+10	1E-30	1.0E+10	1.0E+10	1E-30	1.0E+10	1.0E+10
9	0.00000000000001	1E-30	1.0E-10	1.0E+10	0.0000000007	0.043	1.0E+10	1E-30	1300	1.0E+10	0.000000018	75	1.0E+10	0.0000002	2000	1.0E+10	0.000000044	35	7.6E-15	0.000000005	0.1	1E-30	1.0E+10	1.0E+10	1E-30	1.0E+10	1.0E+10	1E-30	1.0E+10	1.0E+10	1E-30	1.0E+10	1.0E+10	1E-30	1.0E+10	1.0E+10	1E-30	1.0E+10	1.0E+10	1E-30	1.0E+10	1.0E+10	1E-30	1.0E+10	1.0E+10	1E-30	1.0E+10	1.0E+10
10	0.000000000000027	1E-30	1.0E-10	1.0E+10	0.0000000008	0.043	1.0E+10	1E-30	1600	1.0E+10	0.000000018	75	1.0E+10	0.0000002	2000	1.0E+10	0.000000044	35	7.6E-15	0.000000005	0.1	1E-30	1.0E+10	1.0E+10	1E-30	1.0E+10	1.0E+10	1E-30	1.0E+10	1.0E+10	1E-30	1.0E+10	1.0E+10	1E-30	1.0E+10	1.0E+10	1E-30	1.0E+10	1.0E+10	1E-30	1.0E+10	1.0E+10	1E-30	1.0E+10	1.0E+10	1E-30	1.0E+10	1.0E+10
11	0.000000000000027	1E-30	1.0E-10	1.0E+10	0.0000000008	0.043	1.0E+10	1E-30	1600	1.0E+10	0.000000018	75	1.0E+10	0.0000002	2000	1.0E+10	0.000000044	35	7.6E-15	0.000000005	0.1	1E-30	1.0E+10	1.0E+10	1E-30	1.0E+10	1.0E+10	1E-30	1.0E+10	1.0E+10	1E-30	1.0E+10	1.0E+10	1E-30	1.0E+10	1.0E+10	1E-30	1.0E+10	1.0E+10	1E-30	1.0E+10	1.0E+10	1E-30	1.0E+10	1.0E+10	1E-30	1.0E+10	1.0E+10
12	0.000000000000037	1E-30	1.0E-10	1.0E+10	0.0000000009	0.038	1.0E+10	1E-30	2000	1.0E+10	0.000000018	75	1.0E+10	0.0000002	2000	1.0E+10	0.000000044	35	7.6E-15	0.000000005	0.1	1E-30	1.0E+10	1.0E+10	1E-30	1.0E+10	1.0E+10	1E-30	1.0E+10	1.0E+10	1E-30	1.0E+10	1.0E+10	1E-30	1.0E+10	1.0E+10	1E-30	1.0E+10	1.0E+10	1E-30	1.0E+10	1.0E+10	1E-30	1.0E+10	1.0E+10	1E-30	1.0E+10	1.0E+10
13	0.000000000000037	1E-30	1.0E-10	1.0E+10	0.0000000009	0.038	1.0E+10	1E-30	2000	1.0E+10	0.000000018	75	1.0E+10	0.0000002	2000	1.0E+10	0.000000044	35	7.6E-15	0.000000005	0.1	1E-30	1.0E+10	1.0E+10	1E-30	1.0E+10	1.0E+10	1E-30	1.0E+10	1.0E+10	1E-30	1.0E+10	1.0E+10	1E-30	1.0E+10	1.0E+10	1E-30	1.0E+10	1.0E+10	1E-30	1.0E+10	1.0E+10	1E-30	1.0E+10	1.0E+10	1E-30	1.0E+10	1.0E+10
14	0.000000000000023	1E-30	1.0E-10	1.0E+10	0.00000000102	0.04	1.0E+10	1E-30	2000	1.0E+10	0.000000021	75	1.0E+10	0.0000002	2000	1.0E+10	0.000000044	37	7.6E-15	0.000000005	0.1	1E-30	1.0E+10	1.0E+10	1E-30	1.0E+10	1.0E+10	1E-30	1.0E+10	1.0E+10	1E-30	1.0E+10	1.0E+10	1E-30	1.0E+10	1.0E+10	1E-30	1.0E+10	1.0E+10	1E-30	1.0E+10	1.0E+10	1E-30	1.0E+10	1.0E+10	1E-30	1.0E+10	1.0E+10
15	0.000000000000023	1E-30	1.0E-10	1.0E+10	0.00000000102	0.04	1.0E+10	1E-30	2000	1.0E+10	0.000000021	75	1.0E+10	0.0000002	2000	1.0E+10	0.000000044	37	7.6E-15	0.000000005	0.1	1E-30	1.0E+10	1.0E+10	1E-30	1.0E+10	1.0E+10	1E-30	1.0E+10	1.0E+10	1E-30	1.0E+10	1.0E+10	1E-30	1.0E+10	1.0E+10	1E-30	1.0E+10	1.0E+10	1E-30	1.0E+10	1.0E+10	1E-30	1.0E+10	1.0E+10	1E-30	1.0E+10	1.0E+10
16	0.00000000000005	1E-30	1.0E-10	1.0E+10	0.00000000113	0.055	1.0E+10	1E-30	2700	1.0E+10	0.0000000225	75	1.0E+10	0.0000002	2000	1.0E+10	0.000000044	37	7.6E-15	0.000000005	0.1	1E-30	1.0E+10	1.0E+10	1E-30	1.0E+10	1.0E+10	1E-30	1.0E+10	1.0E+10	1E-30	1.0E+10	1.0E+10	1E-30	1.0E+10	1.0E+10	1E-30	1.0E+10	1.0E+10	1E-30	1.0E+10	1.0E+10	1E-30	1.0E+10	1.0E+10	1E-30	1.0E+10	1.0E+10
17	0.00000000000005	1E-30	1.0E-10	1.0E+10	0.00000000113	0.055	1.0E+10	1E-30	2700	1.0E+10	0.0000000225	75	1.0E+10	0.0000002	2000	1.0E+10	0.000000044	37	7.6E-15	0.000000005	0.1	1E-30	1.0E+10	1.0E+10	1E-30	1.0E+10	1.0E+10	1E-30	1.0E+10	1.0E+10	1E-30	1.0E+10	1.0E+10	1E-30	1.0E+10	1.0E+10	1E-30	1.0E+10	1.0E+10	1E-30	1.0E+10	1.0E+10	1E-30	1.0E+10	1.0E+10	1E-30	1.0E+10	1.0E+10
18	5.35E-14	1E-30	1.0E-10	1.0E+10	0.00000000123	0.055	1.0E+10	1E-30	2800	1.0E+10	0.000000024	80	1.0E+10	0.0000002	2000	1.0E+10	0.000000044	37	7.6E-15	0.000000005	0.1	1E-30	1.0E+10	1.0E+10	1E-30	1.0E+10	1.0E+10	1E-30	1.0E+10	1.0E+10	1E-30	1.0E+10	1.0E+10	1E-30	1.0E+10	1.0E+10	1E-30	1.0E+10	1.0E+10	1E-30	1.0E+10	1.0E+10	1E-30	1.0E+10	1.0E+10	1E-30	1.0E+10	1.0E+10
19	5.35E-14	1E-30	1.0E-10	1.0E+10	0.00000000123	0.055	1.0E+10	1E-30	2800	1.0E+10	0.000000024	80	1.0E+10	0.0000002	2000	1.0E+10	0.000000044	37	7.6E-15	0.000000005	0.1	1E-30	1.0E+10	1.0E+10	1E-30	1.0E+10	1.0E+10	1E-30	1.0E+10	1.0E+10	1E-30	1.0E+10	1.0E+10	1E-30	1.0E+10	1.0E+10	1E-30	1.0E+10	1.0E+10	1E-30	1.0E+10	1.0E+10	1E-30	1.0E+10	1.0E+10	1E-30	1.0E+10	1.0E+10
20	0.000000000000023	1E-30	1.0E-10	1.0E+10	0.00000000136	0.055	1.0E+10	1E-30	2800	1.0E+10	0.000000026	80	1.0E+10	0.0000002	2000	1.0E+10	0.000000044	37	7.6E-15	0.000000005	0.1	1E-30	1.0E+10	1.0E+10	1E-30	1.0E+10	1.0E+10	1E-30	1.0E+10	1.0E+10	1E-30	1.0E+10	1.0E+10	1E-30	1.0E+10	1.0E+10	1E-30	1.0E+10	1.0E+10	1E-30	1.0E+10	1.0E+10	1E-30	1.0E+10	1.0E+10	1E-30	1.0E+10	1.0E+10
21	0.000000000000023	1E-30	1.0E-10	1.0E+10	0.00000000136	0.055	1.0E+10	1E-30	2800	1.0E+10	0.000000026	80	1.0E+10	0.0000002	2000	1.0E+10	0.000000044	37	7.6E-15	0.000000005	0.1	1E-30	1.0E+10	1.0E+10	1E-30	1.0E+10	1.0E+10	1E-30	1.0E+10	1.0E+10	1E-30	1.0E+10	1.0E+10	1E-30	1.0E+10	1.0E+10	1E-30	1.0E+10	1.0E+10	1E-30	1.0E+10	1.0E+10	1E-30	1.0E+10	1.0E+10	1E-30	1.0E+10	1.0E+10
22	3.45E-14	1E-30	1.0E-10	1.0E+10	0.00000000146	0.06	1.0E+10	1E-30	3000	1.0E+10	0.000000028	80	1.0E+10	0.0000002	2000	1.0E+10	0.000000044	37	7.6E-15	0.000000005	0.1	1E-30	1.0E+10	1.0E+10	1E-30	1.0E+10	1.0E+10	1E-30	1.0E+10	1.0E+10	1E-30	1.0E+10	1.0E+10	1E-30	1.0E+10	1.0E+10	1E-30	1.0E+10	1.0E+10	1E-30	1.0E+10	1.0E+10	1E-30	1.0E+10	1.0E+10	1E-30	1.0E+10	1.0E+10
23	3.45E-14	1E-30	1.0E-10	1.0E+10	0.00000000146	0.06	1.0E+10	1E-30	3000	1.0E+10	0.000000028	80	1.0E+10	0.0000002	2000	1.0E+10	0.000000044	37	7.6E-15	0.000000005	0.1	1E-30	1.0E+10	1.0E+10	1E-30	1.0E+10	1.0E+10	1E-30	1.0E+10	1.0E+10	1E-30	1.0E+10	1.0E+10	1E-30	1.0E+10	1.0E+10	1E-30	1.0E+10	1.0E+10	1E-30	1.0E+10	1.0E+10	1E-30	1.0E+10	1.0E+10	1E-30	1.0E+10	1.0E+10
24	4.15E-14	1E-30	1.0E-10	1.0E+10	0.00000000157	0.06	1.0E+10	1E-30	3000	1.0E+10	0.00000003	80	1.0E+10	0.0000002	2000	1.0E+10	0.000000044	37	7.6E-15	0.000000005	0.1	1E-30	1.0E+10	1.0E+10	1E-30	1.0E+10	1.0E+10	1E-30	1.0E+10	1.0E+10	1E-30	1.0E+10	1.0E+10	1E-30	1.0E+10	1.0E+10	1E-30	1.0E+10	1.0E+10	1E-30	1.0E+10	1.0E+10	1E-30	1.0E+10	1.0E+10	1E-30	1.0E+10	1.0E+10
25	4.15E-14	1E-30	1.0E-10	1.0E+10	0.00000000157	0.06	1.0E+10	1E-30	3000	1.0E+10	0.00000003	80	1.0E+10	0.0000002	2000	1.0E+10	0.000000044	37	7.6E-15	0.000000005	0.1	1E-30	1.0E+10	1.0E+10	1E-30	1.0E+10	1.0E+10	1E-30	1.0E+10	1.0E+10	1E-30	1.0E+10	1.0E+10	1E-30	1.0E+10	1.0E+10	1E-30	1.0E+10	1.0E+10	1E-30	1.0E+10	1.0E+10	1E-30	1.0E+10	1.0E+10	1E-30	1.0E+10	1.0E+10
26	6.35E-14	1E-30	1.0E-10	1.0E+10	0.00000000167	0.058	1.0E+10	1E-30	3000	1.0E+10	0.000000032	80	1.0E+10	0.0000002	2000	1.0E+10	0.000000044	37	7.6E-15	0.000000005	0.1	1E-30	1.0E+10	1.0E+10	1E-30	1.0E+10	1.0E+10	1E-30	1.0E+10	1.0E+10	1E-30	1.0E+10	1.0E+10	1E-30	1.0E+10	1.0E+10	1E-30	1.0E+10	1.0E+10	1E-30	1.0E+10	1.0E+10	1E-30	1.0E+10	1.0E+10	1E-30	1.0E+10	1.0E+10
27	6.35E-14	1E-30	1.0E-10	1.0E+10	0.00000000167	0.058	1.0E+10	1E-30	3000	1.0E+10	0.000000032	80	1.0E+10	0.0000002	2000	1.0E+10	0.000000044	37	7.6E-15	0.000000005	0.1	1E-30	1.0E+10	1.0E+10	1E-30	1.0E+10	1.0E+10	1E-30	1.0E+10	1.0E+10	1E-30	1.0E+10	1.0E+10	1E-30	1.0E+10	1.0E+10	1E-30	1.0E+10	1.0E+10	1E-30	1.0E+10	1.0E+10	1E-30	1.0E+10	1.0E+10	1E-30	1.0E+10	1.0E+10
28	0.000000000000055	1E-30	1.0E-10	1.0E+10	0.0000000018	0.063	1.0E+10	1E-30	3300	1.0E+10	0.000000033	75	1.0E+10	0.0000002	2000	1.0E+10	0.000000044	37	9.5E-15	0.000000005	40	1E-30	1.0E+10	1.0E+10	1E-30	1.0E+10	1.0E+10	1E-30	1.0E+10	1.0E+10	1E-30	1.0E+10	1.0E+10	1E-30	1.0E+10	1.0E+10	1E-30	1.0E+10	1.0E+10	1E-30	1.0E+10	1.0E+10	1E-30	1.0E+10	1.0E+10	1E-30	1.0E+10	1.0E+10
29	0.000000000000055	1E-30	1.0E-10	1.0E+10	0.0000000018	0.063	1.0E+10	1E-30	3300	1.0E+10	0.000000033	75	1.0E+10	0.0000002	2000	1.0E+10	0.000000044	37	9.5E-15	0.000000005	40	1E-30	1.0E+10	1.0E+10	1E-30	1.0E+10	1.0E+10	1E-30	1.0E+10	1.0E+10	1E-30	1.0E+10	1.0E+10	1E-30	1.0E+10	1.0E+10	1E-30	1.0E+10	1.0E+10	1E-30	1.0E+10	1.0E+10	1E-30	1.0E+10	1.0E+10	1E-30	1.0E+10	1.0E+10
30	6.05E-14	1E-30	1.0E-10	1.0E+10	0.00000000191	0.065	1.0E+10	1E-30	3300	1.0E+10	0.000000035	70	1.0E+10	0.0000002	2000	1.0E+10	0.000000044	37	9.5E-15	0.000000005	40	1E-30	1.0E+10	1.0E+10	1E-30	1.0E+10	1.0E+10	1E-30	1.0E+10	1.0E+10	1E-30	1.0E+10	1.0E+10	1E-30	1.0E+10	1.0E+10	1E-30	1.0E+10	1.0E+10	1E-30	1.0E+10	1.0E+10	1E-30	1.0E+10	1.0E+10	1E-30	1.0E+10	1.0E+10
31	6.05E-14	1E-30	1.0E-10	1.0E+10	0.00000000191	0.065	1.0E+10	1E-30	3300	1.0E+10	0.000000035	70	1.0E+10	0.0000002	2000	1.0E+10	0.000000044	37	9.5E-15	0.000000005	40	1E-30	1.0E+10	1.0E+10	1E-30	1.0E+10	1.0E+10	1E-30	1.0E+10	1.0E+10	1E-30	1.0E+10	1.0E+10	1E-30	1.0E+10	1.0E+10	1E-30	1.0E+10	1.0E+10	1E-30	1.0E+10	1.0E+10	1E-30	1.0E+10	1.0E+10	1E-30	1.0E+10	1.0E+10
32	6.05E-14	1E-30	1.0E-10	1.0E+10	0.00000000201	0.065	1.0E+10	1E-30	3500	1.0E+10	0.00000004	80	1.0E+10	0.0000002	2000	1.0E+10	0.000000044	37	9.5E-15	0.000000005	40	1E-30	1.0E+10	1.0E+10	1E-30	1.0E+10	1.0E+10	1E-30	1.0E+10	1.0E+10	1E-30	1.0E+10	1.0E+10	1E-30	1.0E+10	1.0E+10	1E-30	1.0E+10	1.0E+10	1E-30	1.0E+10	1.0E+10	1E-30	1.0E+10	1.0E+10	1E-30	1.0E+10	1.0E+10
33	6.05E-14	1E-30	1.0E-10	1.0E+10	0.00000000201	0.065	1.0E+10	1E-30	3500	1.0E+10	0.00000004	80	1.0E+10	0.0000002	2000	1.0E+10	0.000000044	37	9.5E-15	0.000000005	40	1E-30	1.0E+10	1.0E+10	1E-30	1.0E+10	1.0E+10	1E-30	1.0E+10	1.0E+10	1E-30	1.0E+10	1.0E+10	1E-30	1.0E+10	1.0E+10	1E-30	1.0E+10	1.0E+10	1E-30	1.0E+10	1.0E+10	1E-30	1.0E+10	1.0E+10	1E-30	1.0E+10	1.0E+10
34	0.000000000000068	1E-30	1.0E-10	1.0E+10	0.00000000211	0.075	1.0E+10	1E-30	3600	1.0E+10	0.000000047	110	1.0E+10	0.0000002	2000	1.0E+10	0.000000044	37	9.5E-15	0.000000005	40	1E-30	1.0E+10	1.0E+10	1E-30	1.0E+10	1.0E+10	1E-30	1.0E+10	1.0E+10	1E-30	1.0E+10	1.0E+10	1E-30	1.0E+10	1.0E+10	1E-30	1.0E+10	1.0E+10	1E-30	1.0E+10	1.0E+10	1E-30	1.0E+10	1.0E+10	1E-30	1.0E+10	1.0E+10
35	0.000000000000068	1E-30	1.0E-10	1.0E+10	0.00000000211	0.075	1.0E+10	1E-30	3600	1.0E+10	0.000000047	110	1.0E+10	0.0000002	2000	1.0E+10	0.000000044	37	9.5E-15	0.000000005	40	1E-30	1.0E+10	1.0E+10	1E-30	1.0E+10	1.0E+10	1E-30	1.0E+10	1.0E+10	1E-30	1.0E+10	1.0E+10	1E-30	1.0E+10	1.0E+10	1E-30	1.0E+10	1.0E+10	1E-30	1.0E+10	1.0E+10	1E-30	1.0E+10	1.0E+10	1E-30	1.0E+10	1.0E+10
36	0.00000000000007	1E-30	1.0E-10	1.0E+10	0.00000000222	0.083	1.0E+10	1E-30	3800	1.0E+10	0.000000053	150	1.0E+10	0.0000002	2000	1.0E+10	0.000000044	37	9.5E-15	0.000000005	40	1E-30	1.0E+10	1.0E+10	1E-30	1.0E+10	1.0E+10	1E-30	1.0E+10	1.0E+10	1E-30	1.0E+10	1.0E+10	1E-30	1.0E+10	1.0E+10	1E-30	1.0E+10	1.0E+10	1E-30	1.0E+10	1.0E+10	1E-30	1.0E+10	1.0E+10	1E-30	1.0E+10	1.0E+10
37	0.00000000000007	1E-30	1.0E-10	1.0E+10	0.00000000222	0.083	1.0E+10	1E-30	3800	1.0E+10	0.000000053	150	1.0E+10	0.0000002	2000	1.0E+10	0.000000044	37	9.5E-15	0.000000005	40	1E-30	1.0E+10	1.0E+10	1E-30	1.0E+10	1.0E+10	1E-30	1.0E+10	1.0E+10	1E-30	1.0E+10	1.0E+10	1E-30	1.0E+10	1.0E+10	1E-30	1.0E+10	1.0E+10	1E-30	1.0E+10	1.0E+10	1E-30	1.0E+10	1.0E+10	1E-30	1.0E+10	1.0E+10
38	0.000000000000071	1E-30	1.0E-10	1.0E+10	0.00000000232	0.089	1.0E+10	1E-30	4400	1.0E+10	0.000000062	180	1.0E+10	0.0000002	2000	1.0E+10	0.000000044	37	9.5E-15	0.000000005	40	1E-30	1.0E+10	1.0E+10	1E-30	1.0E+10	1.0E+10	1E-30	1.0E+10	1.0E+10	1E-30	1.0E+10	1.0E+10	1E-30	1.0E+10	1.0E+10	1E-30	1.0E+10	1.0E+10	1E-30	1.0E+10	1.0E+10	1E-30	1.0E+10	1.0E+10	1E-30	1.0E+10	1.0E+10
39	0.000000000000071	1E-30	1.0E-10	1.0E+10	0.00000000232	0.089	1.0E+10	1E-30	4400	1.0E+10	0.000000062	180	1.0E+10	0.0000002	2000	1.0E+10	0.000000044	37	9.5E-15	0.000000005	40	1E-30	1.0E+10	1.0E+10	1E-30	1.0E+10	1.0E+10	1E-30	1.0E+10	1.0E+10	1E-30	1.0E+10	1.0E+10	1E-30	1.0E+10	1.0E+10	1E-30	1.0E+10	1.0E+10	1E-30	1.0E+10	1.0E+10	1E-30	1.0E+10	1.0E+10	1E-30	1.0E+10	1.0E+10
40	5.15E-14	1E-30	1.0E-10	1.0E+10	0.00000000244	0.084	1.0E+10	1E-30	4500	1.0E+10	0.000000055	180	1.0E+10	0.0000002	2000	1.0E+10	0.000000044	37	8.9E-15	0.000000005	40	1E-30	1.0E+10	1.0E+10	1E-30	1.0E+10	1.0E+10	1E-30	1.0E+10	1.0E+10	1E-30	1.0E+10	1.0E+10	1E-30	1.0E+10	1.0E+10	1E-30	1.0E+10	1.0E+10	1E-30	1.0E+10	1.0E+10	1E-30	1.0E+10	1.0E+10	1E-30	1.0E+10	1.0E+10
41	5.15E-14	1E-30	1.0E-10	1.0E+10	0.00000000244	0.084	1.0E+10	1E-30	4500	1.0E+10	0.000000055	180	1.0E+10	0.0000002	2000	1.0E+10	0.000000044	37	8.9E-15	0.000000005	40	1E-30	1.0E+10	1.0E+10	1E-30	1.0E+10	1.0E+10	1E-30	1.0E+10	1.0E+10	1E-30	1.0E+10	1.0E+10	1E-30	1.0E+10	1.0E+10	1E-30	1.0E+10	1.0E+10	1E-30	1.0E+10	1.0E+10	1E-30	1.0E+10	1.0E+10	1E-30	1.0E+10	1.0E+10
42	0.00000000000005	1E-30	1.0E-10	1.0E+10	0.00000000255	0.085	1.0E+10	1E-30	4600	1.0E+10	0.000000056	180	1.0E+10	0.0000002	2000	1.0E+10	0.000000044	38	9.6E-15	0.000000005	40	1E-30	1.0E+10	1.0E+10	1E-30	1.0E+10	1.0E+10	1E-30	1.0E+10	1.0E+10	1E-30	1.0E+10	1.0E+10	1E-30	1.0E+10	1.0E+10	1E-30	1.0E+10	1.0E+10	1E-30	1.0E+10	1.0E+10	1E-30	1.0E+10	1.0E+10	1E-30	1.0E+10	1.0E+10
43	0.00000000000005	1E-30	1.0E-10	1.0E+10	0.00000000255	0.085	1.0E+10	1E-30	4600	1.0E+10	0.000000056	180	1.0E+10	0.0000002	2000	1.0E+10	0.000000044	38	9.6E-15	0.000000005	40	1E-30	1.0E+10	1.0E+10	1E-30	1.0E+10	1.0E+10	1E-30	1.0E+10	1.0E+10	1E-30	1.0E+10	1.0E+10	1E-30	1.0E+10	1.0E+10	1E-30	1.0E+10	1.0E+10	1E-30	1.0E+10	1.0E+10	1E-30	1.0E+10	1.0E+10	1E-30	1.0E+10	1.0E+10
44	6.35E-14	1E-30	1.0E-10	1.0E+10	0.00000000265	0.0995	1.0E+10	1E-30	4600	1.0E+10	0.000000066	180	1.0E+10	0.0000002	2000	1.0E+10	0.00000005	38	9.1E-15	0.000000005	40	1E-30	1.0E+10	1.0E+10	1E-30	1.0E+10	1.0E+10	1E-30	1.0E+10	1.0E+10	1E-30	1.0E+10	1.0E+10	1E-30	1.0E+10	1.0E+10	1E-30	1.0E+10	1.0E+10	1E-30	1.0E+10	1.0E+10	1E-30	1.0E+10	1.0E+10	1E-30	1.0E+10	1.0E+10
45	6.35E-14	1E-30	1.0E-10	1.0E+10	0.00000000265	0.0995	1.0E+10	1E-30	4600	1.0E+10	0.000000066	180	1.0E+10	0.0000002	2000	1.0E+10	0.00000005	38	9.1E-15	0.000000005	40	1E-30	1.0E+10	1.0E+10	1E-30	1.0E+10	1.0E+10	1E-30	1.0E+10	1.0E+10	1E-30	1.0E+10	1.0E+10	1E-30	1.0E+10	1.0E+10	1E-30	1.0E+10	1.0E+10	1E-30	1.0E+10	1.0E+10	1E-30	1.0E+10	1.0E+10	1E-30	1.0E+10	1.0E+10
46	0.000000000000053	1E-30	1.0E-10	1.0E+10	0.00000000277	0.105	1.0E+10	1E-30	5000	1.0E+10	0.000000061	200	1.0E+10	0.0000002	2000	1.0E+10	0.00000005	40	9.1E-15	0.000000005	40	1E-30	1.0E+10	1.0E+10	1E-30	1.0E+10	1.0E+10	1E-30	1.0E+10	1.0E+10	1E-30	1.0E+10	1.0E+10	1E-30	1.0E+10	1.0E+10	1E-30	1.0E+10	1.0E+10	1E-30	1.0E+10	1.0E+10	1E-30	1.0E+10	1.0E+10	1E-30	1.0E+10	1.0E+10
47	0.000000000000053	1E-30	1.0E-10	1.0E+10	0.00000000277	0.105	1.0E+10	1E-30	5000	1.0E+10	0.000000061	200	1.0E+10	0.0000002	2000	1.0E+10	0.00000005	40	9.1E-15	0.000000005	40	1E-30	1.0E+10	1.0E+10	1E-30	1.0E+10	1.0E+10	1E-30	1.0E+10	1.0E+10	1E-30	1.0E+10	1.0E+10	1E-30	1.0E+10	1.0E+10	1E-30	1.0E+10	1.0E+10	1E-30	1.0E+10	1.0E+10	1E-30	1.0E+10	1.0E+10	1E-30	1.0E+10	1.0E+10
48	5.93E-14	1E-30	1.0E-10	1.0E+10	0.00000000287	0.1	1.0E+10	1E-30	5000	1.0E+10	0.000000065	200	1.0E+10	0.0000002	2000	1.0E+10	0.00000005	38	9.1E-15	0.000000005	40	1E-30	1.0E+10	1.0E+10	1E-30	1.0E+10	1.0E+10	1E-30	1.0E+10	1.0E+10	1E-30	1.0E+10	1.0E+10	1E-30	1.0E+10	1.0E+10	1E-30	1.0E+10	1.0E+10	1E-30	1.0E+10	1.0E+10	1E-30	1.0E+10	1.0E+10	1E-30	1.0E+10	1.0E+10
49	5.93E-14	1E-30	1.0E-10	1.0E+10	0.00000000287	0.1	1.0E+10	1E-30	5000	1.0E+10	0.000000065	200	1.0E+10	0.0000002	2000	1.0E+10	0.00000005	38	9.1E-15	0.000000005	40	1E-30	1.0E+10	1.0E+10	1E-30	1.0E+10	1.0E+10	1E-30	1.0E+10	1.0E+10	1E-30	1.0E+10	1.0E+10	1E-30	1.0E+10	1.0E+10	1E-30	1.0E+10	1.0E+10	1E-30	1.0E+10	1.0E+10	1E-30	1.0E+10	1.0E+10	1E-30	1.0E+10	1.0E+10
50	0.000000000000063	1E-30	1.0E-10	1.0E+10	0.00000000299	0.12	1.0E+10	1E-30	5000	1.0E+10	0.000000065	200	1.0E+10	0.0000002	2000	1.0E+10	0.00000005	38	9.3E-15	0.000000005	40	1E-30	1.0E+10	1.0E+10	1E-30	1.0E+10	1.0E+10	1E-30	1.0E+10	1.0E+10	1E-30	1.0E+10	1.0E+10	1E-30	1.0E+10	1.0E+10	1E-30	1.0E+10	1.0E+10	1E-30	1.0E+10	1.0E+10	1E-30	1.0E+10	1.0E+10	1E-30	1.0E+10	1.0E+10
51	0.000000000000063	1E-30	1.0E-10	1.0E+10	0.00000000299	0.12	1.0E+10	1E-30	5000	1.0E+10	0.000000065	200	1.0E+10	0.0000002	2000	1.0E+10	0.00000005	38	9.3E-15	0.000000005	40	1E-30	1.0E+10	1.0E+10	1E-30	1.0E+10	1.0E+10	1E-30	1.0E+10	1.0E+10	1E-30	1.0E+10	1.0E+10	1E-30	1.0E+10	1.0E+10	1E-30	1.0E+10	1.0E+10	1E-30	1.0E+10	1.0E+10	1E-30	1.0E+10	1.0E+10	1E-30	1.0E+10	1.0E+10
52	0.000000000000067	1E-30	1.0E-10	1.0E+10	0.00000000311	0.11	1.0E+10	1E-30	5300	1.0E+10	0.000000073	200	1.0E+10	0.0000002	2000	1.0E+10	0.00000005	38	9.8E-15	0.000000005	40	1E-30	1.0E+10	1.0E+10	1E-30	1.0E+10	1.0E+10	1E-30	1.0E+10	1.0E+10	1E-30	1.0E+10	1.0E+10	1E-30	1.0E+10	1.0E+10	1E-30	1.0E+10	1.0E+10	1E-30	1.0E+10	1.0E+10	1E-30	1.0E+10	1.0E+10	1E-30	1.0E+10	1.0E+10
53	0.000000000000067	1E-30	1.0E-10	1.0E+10	0.00000000311	0.11	1.0E+10	1E-30	5300	1.0E+10	0.000000073	200	1.0E+10	0.0000002	2000	1.0E+10	0.00000005	38	9.8E-15	0.000000005	40	1E-30	1.0E+10	1.0E+10	1E-30	1.0E+10	1.0E+10	1E-30	1.0E+10	1.0E+10	1E-30	1.0E+10	1.0E+10	1E-30	1.0E+10	1.0E+10	1E-30	1.0E+10	1.0E+10	1E-30	1.0E+10	1.0E+10	1E-30	1.0E+10	1.0E+10	1E-30	1.0E+10	1.0E+10
54	6.25E-14	1E-30	1.0E-10	1.0E+10	0.00000000322	0.127	1.0E+10	1E-30	5500	1.0E+10	0.000000073	200	1.0E+10	0.0000002	2000	1.0E+10	0.00000005	38	9.8E-15	0.000000005	40	1E-30	1.0E+10	1.0E+10	1E-30	1.0E+10	1.0E+10	1E-30	1.0E+10	1.0E+10	1E-30	1.0E+10	1.0E+10	1E-30	1.0E+10	1.0E+10	1E-30	1.0E+10	1.0E+10	1E-30	1.0E+10	1.0E+10	1E-30	1.0E+10	1.0E+10	1E-30	1.0E+10	1.0E+10
55	6.25E-14	1E-30	1.0E-10	1.0E+10	0.00000000322	0.127	1.0E+10	1E-30	5500	1.0E+10	0.000000073	200	1.0E+10	0.0000002	2000	1.0E+10	0.00000005	38	9.8E-15	0.000000005	40	1E-30	1.0E+10	1.0E+10	1E-30	1.0E+10	1.0E+10	1E-30	1.0E+10	1.0E+10	1E-30	1.0E+10	1.0E+10	1E-30	1.0E+10	1.0E+10	1E-30	1.0E+10	1.0E+10	1E-30	1.0E+10	1.0E+10	1E-30	1.0E+10	1.0E+10	1E-30	1.0E+10	1.0E+10
56	0.000000000000085	1E-30	1.0E-10	1.0E+10	0.00000000334	0.1	1.0E+10	1E-30	6000	1.0E+10	0.000000084	200	1.0E+10	0.0000002	2000	1.0E+10	0.00000005	38	9.8E-15	0.000000005	40	1E-30	1.0E+10	1.0E+10	1E-30	1.0E+10	1.0E+10	1E-30	1.0E+10	1.0E+10	1E-30	1.0E+10	1.0E+10	1E-30	1.0E+10	1.0E+10	1E-30	1.0E+10	1.0E+10	1E-30	1.0E+10	1.0E+10	1E-30	1.0E+10	1.0E+10	1E-30	1.0E+10	1.0E+10
57	0.000000000000085	1E-30	1.0E-10	1.0E+10	0.00000000334	0.1	1.0E+10	1E-30	6000	1.0E+10	0.000000084	200	1.0E+10	0.0000002	2000	1.0E+10	0.00000005	38	9.8E-15	0.000000005	40	1E-30	1.0E+10	1.0E+10	1E-30	1.0E+10	1.0E+10	1E-30	1.0E+10	1.0E+10	1E-30	1.0E+10	1.0E+10	1E-30	1.0E+10	1.0E+10	1E-30	1.0E+10	1.0E+10	1E-30	1.0E+10	1.0E+10	1E-30	1.0E+10	1.0E+10	1E-30	1.0E+10	1.0E+10
58	0.000000000000082	1E-30	1.0E-10	1.0E+10	0.00000000346	0.135	1.0E+10	1E-30	6000	1.0E+10	0.000000077	200	1.0E+10	0.0000002	2000	1.0E+10	0.00000005	38	6.8E-15	0.000000005	40	1E-30	1.0E+10	1.0E+10	1E-30	1.0E+10	1.0E+10	1E-30	1.0E+10	1.0E+10	1E-30	1.0E+10	1.0E+10	1E-30	1.0E+10	1.0E+10	1E-30	1.0E+10	1.0E+10	1E-30	1.0E+10	1.0E+10	1E-30	1.0E+10	1.0E+10	1E-30	1.0E+10	1.0E+10
59	0.000000000000082	1E-30	1.0E-10	1.0E+10	0.00000000346	0.135	1.0E+10	1E-30	6000	1.0E+10	0.000000077	200	1.0E+10	0.0000002	2000	1.0E+10	0.00000005	38	6.8E-15	0.000000005	40	1E-30	1.0E+10	1.0E+10	1E-30	1.0E+10	1.0E+10	1E-30	1.0E+10	1.0E+10	1E-30	1.0E+10	1.0E+10	1E-30	1.0E+10	1.0E+10	1E-30	1.0E+10	1.0E+10	1E-30	1.0E+10	1.0E+10	1E-30	1.0E+10	1.0E+10	1E-30	1.0E+10	1.0E+10
60	0.00000000000008	1E-30	1.0E-10	1.0E+10	0.00000000359	0.125	1.0E+10	1E-30	6000	1.0E+10	0.00000008	200	1.0E+10	0.0000002	2000	1.0E+10	0.00000005	25	6.8E-15	0.000000005	40	1E-30	1.0E+10	1.0E+10	1E-30	1.0E+10	1.0E+10	1E-30	1.0E+10	1.0E+10	1E-30	1.0E+10	1.0E+10	1E-30	1.0E+10	1.0E+10	1E-30	1.0E+10	1.0E+10	1E-30	1.0E+10	1.0E+10	1E-30	1.0E+10	1.0E+10	1E-30	1.0E+10	1.0E+10
61	0.00000000000008	1E-30	1.0E-10	1.0E+10	0.00000000359	0.125	1.0E+10	1E-30	6000	1.0E+10	0.00000008	200	1.0E+10	0.0000002	2000	1.0E+10	0.00000005	25	6.8E-15	0.000000005	40	1E-30	1.0E+10	1.0E+10	1E-30	1.0E+10	1.0E+10	1E-30	1.0E+10	1.0E+10	1E-30	1.0E+10	1.0E+10	1E-30	1.0E+10	1.0E+10	1E-30	1.0E+10	1.0E+10	1E-30	1.0E+10	1.0E+10	1E-30	1.0E+10	1.0E+10	1E-30	1.0E+10	1.0E+10
62	0.000000000000106	1E-30	1.0E-10	1.0E+10	0.00000000369	0.1	1.0E+10	1E-30	6300	1.0E+10	0.00000009	200	1.0E+10	0.0000002	2000	1.0E+10	0.00000005	35	7.2E-15	0.0000000081	40	1E-30	1.0E+10	1.0E+10	1E-30	1.0E+10	1.0E+10	1E-30	1.0E+10	1.0E+10	1E-30	1.0E+10	1.0E+10	1E-30	1.0E+10	1.0E+10	1E-30	1.0E+10	1.0E+10	1E-30	1.0E+10	1.0E+10	1E-30	1.0E+10	1.0E+10	1E-30	1.0E+10	1.0E+10
63	0.000000000000106	1E-30	1.0E-10	1.0E+10	0.00000000369	0.1	1.0E+10	1E-30	6300	1.0E+10	0.00000009	200	1.0E+10	0.0000002	2000	1.0E+10	0.00000005	35	7.2E-15	0.0000000081	40	1E-30	1.0E+10	1.0E+10	1E-30	1.0E+10	1.0E+10	1E-30	1.0E+10	1.0E+10	1E-30	1.0E+10	1.0E+10	1E-30	1.0E+10	1.0E+10	1E-30	1.0E+10	1.0E+10	1E-30	1.0E+10	1.0E+10	1E-30	1.0E+10	1.0E+10	1E-30	1.0E+10	1.0E+10
64	0.000000000000108	1E-30	1.0E-10	1.0E+10	0.00000000373	0.14	1.0E+10	1E-30	6500	1.0E+10	0.0000001	250	1.0E+10	0.0000002	2000	1.0E+10	0.000000065	65	7.2E-15	0.0000000081	40	1E-30	1.0E+10	1.0E+10	1E-30	1.0E+10	1.0E+10	1E-30	1.0E+10	1.0E+10	1E-30	1.0E+10	1.0E+10	1E-30	1.0E+10	1.0E+10	1E-30	1.0E+10	1.0E+10	1E-30	1.0E+10	1.0E+10	1E-30	1.0E+10	1.0E+10	1E-30	1.0E+10	1.0E+10
65	0.000000000000108	1E-30	1.0E-10	1.0E+10	0.00000000373	0.14	1.0E+10	1E-30	6500	1.0E+10	0.0000001	250	1.0E+10	0.0000002	2000	1.0E+10	0.000000065	65	7.2E-15	0.0000000081	40	1E-30	1.0E+10	1.0E+10	1E-30	1.0E+10	1.0E+10	1E-30	1.0E+10	1.0E+10	1E-30	1.0E+10	1.0E+10	1E-30	1.0E+10	1.0E+10	1E-30	1.0E+10	1.0E+10	1E-30	1.0E+10	1.0E+10	1E-30	1.0E+10	1.0E+10	1E-30	1.0E+10	1.0E+10
66	0.000000000000106	1E-30	1.0E-10	1.0E+10	0.00000000383	0.13	1.0E+10	1E-30	4800	1.0E+10	0.00000013	300	1.0E+10	0.00000023	1200	1.0E+10	0.000000065	65	0.000000000000008	0.0000000081	40	1E-30	1.0E+10	1.0E+10	1E-30	1.0E+10	1.0E+10	1E-30	1.0E+10	1.0E+10	1E-30	1.0E+10	1.0E+10	1E-30	1.0E+10	1.0E+10	1E-30	1.0E+10	1.0E+10	1E-30	1.0E+10	1.0E+10	1E-30	1.0E+10	1.0E+10	1E-30	1.0E+10	1.0E+10
67	0.000000000000106	1E-30	1.0E-10	1.0E+10	0.00000000383	0.13	1.0E+10	1E-30	4800	1.0E+10	0.00000013	300	1.0E+10	0.00000023	1200	1.0E+10	0.000000065	65	0.000000000000008	0.0000000081	40	1E-30	1.0E+10	1.0E+10	1E-30	1.0E+10	1.0E+10	1E-30	1.0E+10	1.0E+10	1E-30	1.0E+10	1.0E+10	1E-30	1.0E+10	1.0E+10	1E-30	1.0E+10	1.0E+10	1E-30	1.0E+10	1.0E+10	1E-30	1.0E+10	1.0E+10	1E-30	1.0E+10	1.0E+10
68	0.000000000000095	1E-30	1.0E-10	1.0E+10	0.00000000393	0.18	1.0E+10	1E-30	5000	1.0E+10	0.00000015	300	1.0E+10	0.0000002	1200	1.0E+10	0.000000065	65	1E-30	1.0E+10	1.0E+10	1E-30	1.0E+10	1.0E+10	1E-30	1.0E+10	1.0E+10	1E-30	1.0E+10	1.0E+10	1E-30	1.0E+10	1.0E+10	1E-30	1.0E+10	1.0E+10	1E-30	1.0E+10	1.0E+10	1E-30	1.0E+10	1.0E+10	1E-30	1.0E+10	1.0E+10	1E-30	1.0E+10	1.0E+10
69	0.000000000000095	1E-30	1.0E-10	1.0E+10	0.00000000393	0.18	1.0E+10	1E-30	5000	1.0E+10	0.00000015	300	1.0E+10	0.0000002	1200	1.0E+10	0.000000065	65	1E-30	1.0E+10	1.0E+10	1E-30	1.0E+10	1.0E+10	1E-30	1.0E+10	1.0E+10	1E-30	1.0E+10	1.0E+10	1E-30	1.0E+10	1.0E+10	1E-30	1.0E+10	1.0E+10	1E-30	1.0E+10	1.0E+10	1E-30	1.0E+10	1.0E+10	1E-30	1.0E+10	1.0E+10	1E-30	1.0E+10	1.0E+10
70	9.55E-14	1E-30	1.0E-10	1.0E+10	0.00000000403	0.185	1.0E+10	1E-30	5000	1.0E+10	0.00000015	300	1.0E+10	0.0000002	1200	1.0E+10	0.000000065	60	1E-30	1.0E+10	1.0E+10	1E-30	1.0E+10	1.0E+10	1E-30	1.0E+10	1.0E+10	1E-30	1.0E+10	1.0E+10	1E-30	1.0E+10	1.0E+10	1E-30	1.0E+10	1.0E+10	1E-30	1.0E+10	1.0E+10	1E-30	1.0E+10	1.0E+10	1E-30	1.0E+10	1.0E+10	1E-30	1.0E+10	1.0E+10
71	9.55E-14	1E-30	1.0E-10	1.0E+10	0.00000000403	0.185	1.0E+10	1E-30	5000	1.0E+10	0.00000015	300	1.0E+10	0.0000002	1200	1.0E+10	0.000000065	60	1E-30	1.0E+10	1.0E+10	1E-30	1.0E+10	1.0E+10	1E-30	1.0E+10	1.0E+10	1E-30	1.0E+10	1.0E+10	1E-30	1.0E+10	1.0E+10	1E-30	1.0E+10	1.0E+10	1E-30	1.0E+10	1.0E+10	1E-30	1.0E+10	1.0E+10	1E-30	1.0E+10	1.0E+10	1E-30	1.0E+10	1.0E+10
72	0.000000000000089	1E-30	1.0E-10	1.0E+10	0.00000000416	0.19	1.0E+10	1E-30	5000	1.0E+10	0.00000016	300	1.0E+10	0.0000002	1200	1.0E+10	0.000000065	60	1E-30	1.0E+10	1.0E+10	1E-30	1.0E+10	1.0E+10	1E-30	1.0E+10	1.0E+10	1E-30	1.0E+10	1.0E+10	1E-30	1.0E+10	1.0E+10	1E-30	1.0E+10	1.0E+10	1E-30	1.0E+10	1.0E+10	1E-30	1.0E+10	1.0E+10	1E-30	1.0E+10	1.0E+10	1E-30	1.0E+10	1.0E+10
73	0.000000000000089	1E-30	1.0E-10	1.0E+10	0.00000000416	0.19	1.0E+10	1E-30	5000	1.0E+10	0.00000016	300	1.0E+10	0.0000002	1200	1.0E+10	0.000000065	60	1E-30	1.0E+10	1.0E+10	1E-30	1.0E+10	1.0E+10	1E-30	1.0E+10	1.0E+10	1E-30	1.0E+10	1.0E+10	1E-30	1.0E+10	1.0E+10	1E-30	1.0E+10	1.0E+10	1E-30	1.0E+10	1.0E+10	1E-30	1.0E+10	1.0E+10	1E-30	1.0E+10	1.0E+10	1E-30	1.0E+10	1.0E+10
74	0.00000000000006	1E-30	1.0E-10	1.0E+10	0.0000000043	0.18	1.0E+10	1E-30	5300	1.0E+10	0.00000013	400	1.0E+10	0.00000023	1200	1.0E+10	0.000000065	50	6.5E-15	0.0000000081	60	1E-30	1.0E+10	1.0E+10	1E-30	1.0E+10	1.0E+10	1E-30	1.0E+10	1.0E+10	1E-30	1.0E+10	1.0E+10	1E-30	1.0E+10	1.0E+10	1E-30	1.0E+10	1.0E+10	1E-30	1.0E+10	1.0E+10	1E-30	1.0E+10	1.0E+10	1E-30	1.0E+10	1.0E+10
75	0.00000000000006	1E-30	1.0E-10	1.0E+10	0.0000000043	0.18	1.0E+10	1E-30	5300	1.0E+10	0.00000013	400	1.0E+10	0.00000023	1200	1.0E+10	0.000000065	50	6.5E-15	0.0000000081	60	1E-30	1.0E+10	1.0E+10	1E-30	1.0E+10	1.0E+10	1E-30	1.0E+10	1.0E+10	1E-30	1.0E+10	1.0E+10	1E-30	1.0E+10	1.0E+10	1E-30	1.0E+10	1.0E+10	1E-30	1.0E+10	1.0E+10	1E-30	1.0E+10	1.0E+10	1E-30	1.0E+10	1.0E+10
76	0.00000000000007	1E-30	1.0E-10	1.0E+10	0.00000000475	0.195	1.0E+10	1E-30	5000	1.0E+10	0.0000002	500	1.0E+10	0.00000023	1200	1.0E+10	0.000000065	50	0.000000000000007	0.0000000081	60	1E-30	1.0E+10	1.0E+10	1E-30	1.0E+10	1.0E+10	1E-30	1.0E+10	1.0E+10	1E-30	1.0E+10	1.0E+10	1E-30	1.0E+10	1.0E+10	1E-30	1.0E+10	1.0E+10	1E-30	1.0E+10	1.0E+10	1E-30	1.0E+10	1.0E+10	1E-30	1.0E+10	1.0E+10
77	0.00000000000007	1E-30	1.0E-10	1.0E+10	0.00000000475	0.195	1.0E+10	1E-30	5000	1.0E+10	0.0000002	500	1.0E+10	0.00000023	1200	1.0E+10	0.000000065	50	0.000000000000007	0.0000000081	60	1E-30	1.0E+10	1.0E+10	1E-30	1.0E+10	1.0E+10	1E-30	1.0E+10	1.0E+10	1E-30	1.0E+10	1.0E+10	1E-30	1.0E+10	1.0E+10	1E-30	1.0E+10	1.0E+10	1E-30	1.0E+10	1.0E+10	1E-30	1.0E+10	1.0E+10	1E-30	1.0E+10	1.0E+10
78	0.000000000000065	1E-30	1.0E-10	1.0E+10	0.00000000524	0.17	1.0E+10	1E-30	5800	1.0E+10	0.0000002	500	1.0E+10	0.00000023	1200	1.0E+10	0.000000065	50	0.000000000000007	0.0000000081	60	1E-30	1.0E+10	1.0E+10	1E-30	1.0E+10	1.0E+10	1E-30	1.0E+10	1.0E+10	1E-30	1.0E+10	1.0E+10	1E-30	1.0E+10	1.0E+10	1E-30	1.0E+10	1.0E+10	1E-30	1.0E+10	1.0E+10	1E-30	1.0E+10	1.0E+10	1E-30	1.0E+10	1.0E+10
79	0.000000000000065	1E-30	1.0E-10	1.0E+10	0.00000000524	0.17	1.0E+10	1E-30	5800	1.0E+10	0.0000002	500	1.0E+10	0.00000023	1200	1.0E+10	0.000000065	50	0.000000000000007	0.0000000081	60	1E-30	1.0E+10	1.0E+10	1E-30	1.0E+10	1.0E+10	1E-30	1.0E+10	1.0E+10	1E-30	1.0E+10	1.0E+10	1E-30	1.0E+10	1.0E+10	1E-30	1.0E+10	1.0E+10	1E-30	1.0E+10	1.0E+10	1E-30	1.0E+10	1.0E+10	1E-30	1.0E+10	1.0E+10
80	0.000000000000071	1E-30	1.0E-10	1.0E+10	0.0000000058	0.22	1.0E+10	1E-30	6500	1.0E+10	0.00000027	980	1.0E+10	0.00000023	1200	1.0E+10	0.000000065	37	6.8E-15	0.0000000081	60	1E-30	1.0E+10	1.0E+10	1E-30	1.0E+10	1.0E+10	1E-30	1.0E+10	1.0E+10	1E-30	1.0E+10	1.0E+10	1E-30	1.0E+10	1.0E+10	1E-30	1.0E+10	1.0E+10	1E-30	1.0E+10	1.0E+10	1E-30	1.0E+10	1.0E+10	1E-30	1.0E+10	1.0E+10
81	0.000000000000071	1E-30	1.0E-10	1.0E+10	0.0000000058	0.22	1.0E+10	1E-30	6500	1.0E+10	0.00000027	980	1.0E+10	0.00000023	1200	1.0E+10	0.000000065	37	6.8E-15	0.0000000081	60	1E-30	1.0E+10	1.0E+10	1E-30	1.0E+10	1.0E+10	1E-30	1.0E+10	1.0E+10	1E-30	1.0E+10	1.0E+10	1E-30	1.0E+10	1.0E+10	1E-30	1.0E+10	1.0E+10	1E-30	1.0E+10	1.0E+10	1E-30	1.0E+10	1.0E+10	1E-30	1.0E+10	1.0E+10
82	0.000000000000061	1E-30	1.0E-10	1.0E+10	0.0000000062	0.34	1.0E+10	1E-30	6000	1.0E+10	0.00000014	500	1.0E+10	0.0000003	150	1.0E+10	0.00000024	350	6.8E-15	0.0000000081	60	1E-30	1.0E+10	1.0E+10	1E-30	1.0E+10	1.0E+10	1E-30	1.0E+10	1.0E+10	1E-30	1.0E+10	1.0E+10	1E-30	1.0E+10	1.0E+10	1E-30	1.0E+10	1.0E+10	1E-30	1.0E+10	1.0E+10	1E-30	1.0E+10	1.0E+10	1E-30	1.0E+10	1.0E+10
83	0.000000000000061	1E-30	1.0E-10	1.0E+10	0.0000000062	0.34	1.0E+10	1E-30	6000	1.0E+10	0.00000014	500	1.0E+10	0.0000003	150	1.0E+10	0.00000024	350	6.8E-15	0.0000000081	60	1E-30	1.0E+10	1.0E+10	1E-30	1.0E+10	1.0E+10	1E-30	1.0E+10	1.0E+10	1E-30	1.0E+10	1.0E+10	1E-30	1.0E+10	1.0E+10	1E-30	1.0E+10	1.0E+10	1E-30	1.0E+10	1.0E+10	1E-30	1.0E+10	1.0E+10	1E-30	1.0E+10	1.0E+10
84	5.38E-14	1E-30	1.0E-10	1.0E+10	0.0000000069	0.285	1.0E+10	1E-30	7000	1.0E+10	0.00000015	500	1.0E+10	0.0000003	150	1.0E+10	0.00000024	300	0.000000000000007	0.0000000081	60	1E-30	1.0E+10	1.0E+10	1E-30	1.0E+10	1.0E+10	1E-30	1.0E+10	1.0E+10	1E-30	1.0E+10	1.0E+10	1E-30	1.0E+10	1.0E+10	1E-30	1.0E+10	1.0E+10	1E-30	1.0E+10	1.0E+10	1E-30	1.0E+10	1.0E+10	1E-30	1.0E+10	1.0E+10
85	5.38E-14	1E-30	1.0E-10	1.0E+10	0.0000000069	0.285	1.0E+10	1E-30	7000	1.0E+10	0.00000015	500	1.0E+10	0.0000003	150	1.0E+10	0.00000024	300	0.000000000000007	0.0000000081	60	1E-30	1.0E+10	1.0E+10	1E-30	1.0E+10	1.0E+10	1E-30	1.0E+10	1.0E+10	1E-30	1.0E+10	1.0E+10	1E-30	1.0E+10	1.0E+10	1E-30	1.0E+10	1.0E+10	1E-30	1.0E+10	1.0E+10	1E-30	1.0E+10	1.0E+10	1E-30	1.0E+10	1.0E+10
86	0.00000000000007	1E-30	1.0E-10	1.0E+10	0.00000000774	0.295	1.0E+10	1E-30	8000	1.0E+10	0.00000015	500	1.0E+10	0.0000003	150	1.0E+10	0.00000024	210	0.000000000000008	0.0000000081	60	1E-30	1.0E+10	1.0E+10	1E-30	1.0E+10	1.0E+10	1E-30	1.0E+10	1.0E+10	1E-30	1.0E+10	1.0E+10	1E-30	1.0E+10	1.0E+10	1E-30	1.0E+10	1.0E+10	1E-30	1.0E+10	1.0E+10	1E-30	1.0E+10	1.0E+10	1E-30	1.0E+10	1.0E+10
87	0.00000000000007	1E-30	1.0E-10	1.0E+10	0.00000000774	0.295	1.0E+10	1E-30	8000	1.0E+10	0.00000015	500	1.0E+10	0.0000003	150	1.0E+10	0.00000024	210	0.000000000000008	0.0000000081	60	1E-30	1.0E+10	1.0E+10	1E-30	1.0E+10	1.0E+10	1E-30	1.0E+10	1.0E+10	1E-30	1.0E+10	1.0E+10	1E-30	1.0E+10	1.0E+10	1E-30	1.0E+10	1.0E+10	1E-30	1.0E+10	1.0E+10	1E-30	1.0E+10	1.0E+10	1E-30	1.0E+10	1.0E+10
88	0.000000000000065	1E-30	1.0E-10	1.0E+10	0.0000000084	0.44	1.0E+10	1E-30	7000	1.0E+10	0.00000021	750	1.0E+10	0.0000003	150	1.0E+10	0.00000025	280	7.5E-15	0.0000000081	80	1E-30	1.0E+10	1.0E+10	1E-30	1.0E+10	1.0E+10	1E-30	1.0E+10	1.0E+10	1E-30	1.0E+10	1.0E+10	1E-30	1.0E+10	1.0E+10	1E-30	1.0E+10	1.0E+10	1E-30	1.0E+10	1.0E+10	1E-30	1.0E+10	1.0E+10	1E-30	1.0E+10	1.0E+10
89	0.000000000000065	1E-30	1.0E-10	1.0E+10	0.0000000084	0.44	1.0E+10	1E-30	7000	1.0E+10	0.00000021	750	1.0E+10	0.0000003	150	1.0E+10	0.00000025	280	7.5E-15	0.0000000081	80	1E-30	1.0E+10	1.0E+10	1E-30	1.0E+10	1.0E+10	1E-30	1.0E+10	1.0E+10	1E-30	1.0E+10	1.0E+10	1E-30	1.0E+10	1.0E+10	1E-30	1.0E+10	1.0E+10	1E-30	1.0E+10	1.0E+10	1E-30	1.0E+10	1.0E+10	1E-30	1.0E+10	1.0E+10
90	0.000000000000075	1E-30	1.0E-10	1.0E+10	0.0000000095	0.325	1.0E+10	1E-30	7500	1.0E+10	0.00000023	750	1.0E+10	0.0000003	150	1.0E+10	0.00000023	200	7.5E-15	0.0000000081	50	1E-30	1.0E+10	1.0E+10	1E-30	1.0E+10	1.0E+10	1E-30	1.0E+10	1.0E+10	1E-30	1.0E+10	1.0E+10	1E-30	1.0E+10	1.0E+10	1E-30	1.0E+10	1.0E+10	1E-30	1.0E+10	1.0E+10	1E-30	1.0E+10	1.0E+10	1E-30	1.0E+10	1.0E+10
91	0.000000000000075	1E-30	1.0E-10	1.0E+10	0.0000000095	0.325	1.0E+10	1E-30	7500	1.0E+10	0.00000023	750	1.0E+10	0.0000003	150	1.0E+10	0.00000023	200	7.5E-15	0.0000000081	50	1E-30	1.0E+10	1.0E+10	1E-30	1.0E+10	1.0E+10	1E-30	1.0E+10	1.0E+10	1E-30	1.0E+10	1.0E+10	1E-30	1.0E+10	1.0E+10	1E-30	1.0E+10	1.0E+10	1E-30	1.0E+10	1.0E+10	1E-30	1.0E+10	1.0E+10	1E-30	1.0E+10	1.0E+10
92	0.000000000000071	1E-30	1.0E-10	1.0E+10	0.0000000103	0.46	1.0E+10	1E-30	8000	1.0E+10	0.00000023	750	1.0E+10	0.0000008	500	1.0E+10	0.000000235	190	0.000000000000008	0.0000000081	50	1E-30	1.0E+10	1.0E+10	1E-30	1.0E+10	1.0E+10	1E-30	1.0E+10	1.0E+10	1E-30	1.0E+10	1.0E+10	1E-30	1.0E+10	1.0E+10	1E-30	1.0E+10	1.0E+10	1E-30	1.0E+10	1.0E+10	1E-30	1.0E+10	1.0E+10	1E-30	1.0E+10	1.0E+10
93	0.000000000000071	1E-30	1.0E-10	1.0E+10	0.0000000103	0.46	1.0E+10	1E-30	8000	1.0E+10	0.00000023	750	1.0E+10	0.0000008	500	1.0E+10	0.000000235	190	0.000000000000008	0.0000000081	50	1E-30	1.0E+10	1.0E+10	1E-30	1.0E+10	1.0E+10	1E-30	1.0E+10	1.0E+10	1E-30	1.0E+10	1.0E+10	1E-30	1.0E+10	1.0E+10	1E-30	1.0E+10	1.0E+10	1E-30	1.0E+10	1.0E+10	1E-30	1.0E+10	1.0E+10	1E-30	1.0E+10	1.0E+10
94	0.000000000000071	1E-30	1.0E-10	1.0E+10	0.0000000115	0.49	1.0E+10	1E-30	8500	1.0E+10	0.00000025	750	1.0E+10	0.0000008	500	1.0E+10	0.000000235	190	0.000000000000008	0.000000008	50	1E-30	1.0E+10	1.0E+10	1E-30	1.0E+10	1.0E+10	1E-30	1.0E+10	1.0E+10	1E-30	1.0E+10	1.0E+10	1E-30	1.0E+10	1.0E+10	1E-30	1.0E+10	1.0E+10	1E-30	1.0E+10	1.0E+10	1E-30	1.0E+10	1.0E+10	1E-30	1.0E+10	1.0E+10
95	0.000000000000071	1E-30	1.0E-10	1.0E+10	0.0000000115	0.49	1.0E+10	1E-30	8500	1.0E+10	0.00000025	750	1.0E+10	0.0000008	500	1.0E+10	0.000000235	190	0.000000000000008	0.000000008	50	1E-30	1.0E+10	1.0E+10	1E-30	1.0E+10	1.0E+10	1E-30	1.0E+10	1.0E+10	1E-30	1.0E+10	1.0E+10	1E-30	1.0E+10	1.0E+10	1E-30	1.0E+10	1.0E+10	1E-30	1.0E+10	1.0E+10	1E-30	1.0E+10	1.0E+10	1E-30	1.0E+10	1.0E+10
96	0.000000000000112	1E-30	1.0E-10	1.0E+10	0.0000000126	0.41	1.0E+10	1E-30	8500	1.0E+10	0.00000026	750	1.0E+10	0.0000008	500	1.0E+10	0.000000235	200	8.7E-15	0.0000000081	50	1E-30	1.0E+10	1.0E+10	1E-30	1.0E+10	1.0E+10	1E-30	1.0E+10	1.0E+10	1E-30	1.0E+10	1.0E+10	1E-30	1.0E+10	1.0E+10	1E-30	1.0E+10	1.0E+10	1E-30	1.0E+10	1.0E+10	1E-30	1.0E+10	1.0E+10	1E-30	1.0E+10	1.0E+10
97	0.000000000000112	1E-30	1.0E-10	1.0E+10	0.0000000126	0.41	1.0E+10	1E-30	8500	1.0E+10	0.00000026	750	1.0E+10	0.0000008	500	1.0E+10	0.000000235	200	8.7E-15	0.0000000081	50	1E-30	1.0E+10	1.0E+10	1E-30	1.0E+10	1.0E+10	1E-30	1.0E+10	1.0E+10	1E-30	1.0E+10	1.0E+10	1E-30	1.0E+10	1.0E+10	1E-30	1.0E+10	1.0E+10	1E-30	1.0E+10	1.0E+10	1E-30	1.0E+10	1.0E+10	1E-30	1.0E+10	1.0E+10
98	9.75E-14	1E-30	1.0E-10	1.0E+10	0.0000000136	0.535	1.0E+10	1E-30	9000	1.0E+10	0.00000028	750	1.0E+10	0.0000008	500	1.0E+10	0.00000029	220	0.000000000000009	0.0000000082	40	1E-30	1.0E+10	1.0E+10	1E-30	1.0E+10	1.0E+10	1E-30	1.0E+10	1.0E+10	1E-30	1.0E+10	1.0E+10	1E-30	1.0E+10	1.0E+10	1E-30	1.0E+10	1.0E+10	1E-30	1.0E+10	1.0E+10	1E-30	1.0E+10	1.0E+10	1E-30	1.0E+10	1.0E+10
99	9.75E-14	1E-30	1.0E-10	1.0E+10	0.0000000136	0.535	1.0E+10	1E-30	9000	1.0E+10	0.00000028	750	1.0E+10	0.0000008	500	1.0E+10	0.00000029	220	0.000000000000009	0.0000000082	40	1E-30	1.0E+10	1.0E+10	1E-30	1.0E+10	1.0E+10	1E-30	1.0E+10	1.0E+10	1E-30	1.0E+10	1.0E+10	1E-30	1.0E+10	1.0E+10	1E-30	1.0E+10	1.0E+10	1E-30	1.0E+10	1.0E+10	1E-30	1.0E+10	1.0E+10	1E-30	1.0E+10	1.0E+10
100	0.000000000000112	1E-30	1.0E-10	1.0E+10	0.0000000162	0.47	1.0E+10	1E-30	11000	1.0E+10	0.00000026	750	1.0E+10	0.0000008	500	1.0E+10	0.000000235	79	1.21E-14	0.0000000081	50	1E-30	1.0E+10	1.0E+10	1E-30	1.0E+10	1.0E+10	1E-30	1.0E+10	1.0E+10	1E-30	1.0E+10	1.0E+10	1E-30	1.0E+10	1.0E+10	1E-30	1.0E+10	1.0E+10	1E-30	1.0E+10	1.0E+10	1E-30	1.0E+10	1.0E+10	1E-30	1.0E+10	1.0E+10
101	0.000000000000112	1E-30	1.0E-10	1.0E+10	0.0000000162	0.47	1.0E+10	1E-30	11000	1.0E+10	0.00000026	750	1.0E+10	0.0000008	500	1.0E+10	0.000000235	79	1.21E-14	0.0000000081	50	1E-30	1.0E+10	1.0E+10	1E-30	1.0E+10	1.0E+10	1E-30	1.0E+10	1.0E+10	1E-30	1.0E+10	1.0E+10	1E-30	1.0E+10	1.0E+10	1E-30	1.0E+10	1.0E+10	1E-30	1.0E+10	1.0E+10	1E-30	1.0E+10	1.0E+10	1E-30	1.0E+10	1.0E+10
102	0.000000000000105	1E-30	1.0E-10	1.0E+10	0.0000000173	0.6	1.0E+10	1E-30	12000	1.0E+10	0.00000027	750	1.0E+10	0.0000008	500	1.0E+10	0.00000027	60	1.15E-14	0.000000008	40	1E-30	1.0E+10	1.0E+10	1E-30	1.0E+10	1.0E+10	1E-30	1.0E+10	1.0E+10	1E-30	1.0E+10	1.0E+10	1E-30	1.0E+10	1.0E+10	1E-30	1.0E+10	1.0E+10	1E-30	1.0E+10	1.0E+10	1E-30	1.0E+10	1.0E+10	1E-30	1.0E+10	1.0E+10
103	0.000000000000105	1E-30	1.0E-10	1.0E+10	0.0000000173	0.6	1.0E+10	1E-30	12000	1.0E+10	0.00000027	750	1.0E+10	0.0000008	500	1.0E+10	0.00000027	60	1.15E-14	0.000000008	40	1E-30	1.0E+10	1.0E+10	1E-30	1.0E+10	1.0E+10	1E-30	1.0E+10	1.0E+10	1E-30	1.0E+10	1.0E+10	1E-30	1.0E+10	1.0E+10	1E-30	1.0E+10	1.0E+10	1E-30	1.0E+10	1.0E+10	1E-30	1.0E+10	1.0E+10	1E-30	1.0E+10	1.0E+10
104	0.000000000000122	1E-30	1.0E-10	1.0E+10	0.0000000194	0.5	1.0E+10	1E-30	12000	1.0E+10	0.00000037	1100	1.0E+10	0.00000065	500	1.0E+10	0.0000003	90	6.5E-15	0.0000000171	60	1E-30	1.0E+10	1.0E+10	1E-30	1.0E+10	1.0E+10	1E-30	1.0E+10	1.0E+10	1E-30	1.0E+10	1.0E+10	1E-30	1.0E+10	1.0E+10	1E-30	1.0E+10	1.0E+10	1E-30	1.0E+10	1.0E+10	1E-30	1.0E+10	1.0E+10	1E-30	1.0E+10	1.0E+10
105	0.000000000000122	1E-30	1.0E-10	1.0E+10	0.0000000194	0.5	1.0E+10	1E-30	12000	1.0E+10	0.00000037	1100	1.0E+10	0.00000065	500	1.0E+10	0.0000003	90	6.5E-15	0.0000000171	60	1E-30	1.0E+10	1.0E+10	1E-30	1.0E+10	1.0E+10	1E-30	1.0E+10	1.0E+10	1E-30	1.0E+10	1.0E+10	1E-30	1.0E+10	1.0E+10	1E-30	1.0E+10	1.0E+10	1E-30	1.0E+10	1.0E+10	1E-30	1.0E+10	1.0E+10	1E-30	1.0E+10	1.0E+10
106	0.000000000000092	1E-30	1.0E-10	1.0E+10	0.0000000216	1.66	1.0E+10	1E-30	13000	1.0E+10	0.0000009	700	1.0E+10	0.0000005	1600	1.0E+10	0.00000029	50	0.00000000000001	0.00000001	30	1E-30	1.0E+10	1.0E+10	1E-30	1.0E+10	1.0E+10	1E-30	1.0E+10	1.0E+10	1E-30	1.0E+10	1.0E+10	1E-30	1.0E+10	1.0E+10	1E-30	1.0E+10	1.0E+10	1E-30	1.0E+10	1.0E+10	1E-30	1.0E+10	1.0E+10	1E-30	1.0E+10	1.0E+10
107	0.000000000000092	1E-30	1.0E-10	1.0E+10	0.0000000216	1.66	1.0E+10	1E-30	13000	1.0E+10	0.0000009	700	1.0E+10	0.0000005	1600	1.0E+10	0.00000029	50	0.00000000000001	0.00000001	30	1E-30	1.0E+10	1.0E+10	1E-30	1.0E+10	1.0E+10	1E-30	1.0E+10	1.0E+10	1E-30	1.0E+10	1.0E+10	1E-30	1.0E+10	1.0E+10	1E-30	1.0E+10	1.0E+10	1E-30	1.0E+10	1.0E+10	1E-30	1.0E+10	1.0E+10	1E-30	1.0E+10	1.0E+10
108	0.000000000000102	1E-30	1.0E-10	1.0E+10	0.000000024	1.3	1.0E+10	1E-30	13000	1.0E+10	0.00000085	700	1.0E+10	0.0000005	1600	1.0E+10	0.00000029	45	1.37E-14	0.00000000964	70	1E-30	1.0E+10	1.0E+10	1E-30	1.0E+10	1.0E+10	1E-30	1.0E+10	1.0E+10	1E-30	1.0E+10	1.0E+10	1E-30	1.0E+10	1.0E+10	1E-30	1.0E+10	1.0E+10	1E-30	1.0E+10	1.0E+10	1E-30	1.0E+10	1.0E+10	1E-30	1.0E+10	1.0E+10
109	0.000000000000102	1E-30	1.0E-10	1.0E+10	0.000000024	1.3	1.0E+10	1E-30	13000	1.0E+10	0.00000085	700	1.0E+10	0.0000005	1600	1.0E+10	0.00000029	45	1.37E-14	0.00000000964	70	1E-30	1.0E+10	1.0E+10	1E-30	1.0E+10	1.0E+10	1E-30	1.0E+10	1.0E+10	1E-30	1.0E+10	1.0E+10	1E-30	1.0E+10	1.0E+10	1E-30	1.0E+10	1.0E+10	1E-30	1.0E+10	1.0E+10	1E-30	1.0E+10	1.0E+10	1E-30	1.0E+10	1.0E+10
110	0.000000000000095	1E-30	1.0E-10	1.0E+10	0.0000000263	1.89	1.0E+10	1E-30	14500	1.0E+10	0.0000011	750	1.0E+10	0.00000056	1600	1.0E+10	0.00000029	45	0.000000000000013	0.00000000964	55	1E-30	1.0E+10	1.0E+10	1E-30	1.0E+10	1.0E+10	1E-30	1.0E+10	1.0E+10	1E-30	1.0E+10	1.0E+10	1E-30	1.0E+10	1.0E+10	1E-30	1.0E+10	1.0E+10	1E-30	1.0E+10	1.0E+10	1E-30	1.0E+10	1.0E+10	1E-30	1.0E+10	1.0E+10
111	0.000000000000095	1E-30	1.0E-10	1.0E+10	0.0000000263	1.89	1.0E+10	1E-30	14500	1.0E+10	0.0000011	750	1.0E+10	0.00000056	1600	1.0E+10	0.00000029	45	0.000000000000013	0.00000000964	55	1E-30	1.0E+10	1.0E+10	1E-30	1.0E+10	1.0E+10	1E-30	1.0E+10	1.0E+10	1E-30	1.0E+10	1.0E+10	1E-30	1.0E+10	1.0E+10	1E-30	1.0E+10	1.0E+10	1E-30	1.0E+10	1.0E+10	1E-30	1.0E+10	1.0E+10	1E-30	1.0E+10	1.0E+10
112	0.000000000000102	1E-30	1.0E-10	1.0E+10	0.0000000303	1.6	1.0E+10	1E-30	15000	1.0E+10	0.00000055	1600	1.0E+10	0.00000075	380	1.0E+10	0.0000003	35	1.37E-14	0.0000000115	75	1E-30	1.0E+10	1.0E+10	1E-30	1.0E+10	1.0E+10	1E-30	1.0E+10	1.0E+10	1E-30	1.0E+10	1.0E+10	1E-30	1.0E+10	1.0E+10	1E-30	1.0E+10	1.0E+10	1E-30	1.0E+10	1.0E+10	1E-30	1.0E+10	1.0E+10	1E-30	1.0E+10	1.0E+10
113	0.000000000000102	1E-30	1.0E-10	1.0E+10	0.0000000303	1.6	1.0E+10	1E-30	15000	1.0E+10	0.00000055	1600	1.0E+10	0.00000075	380	1.0E+10	0.0000003	35	1.37E-14	0.0000000115	75	1E-30	1.0E+10	1.0E+10	1E-30	1.0E+10	1.0E+10	1E-30	1.0E+10	1.0E+10	1E-30	1.0E+10	1.0E+10	1E-30	1.0E+10	1.0E+10	1E-30	1.0E+10	1.0E+10	1E-30	1.0E+10	1.0E+10	1E-30	1.0E+10	1.0E+10	1E-30	1.0E+10	1.0E+10
114	0.000000000000118	1E-30	1.0E-10	1.0E+10	0.0000000321	1.63	1.0E+10	1E-30	15500	1.0E+10	0.00000065	2100	1.0E+10	0.00000048	190	1.0E+10	0.0000012	60	8.25E-15	0.000000022	60	1E-30	1.0E+10	1.0E+10	1E-30	1.0E+10	1.0E+10	1E-30	1.0E+10	1.0E+10	1E-30	1.0E+10	1.0E+10	1E-30	1.0E+10	1.0E+10	1E-30	1.0E+10	1.0E+10	1E-30	1.0E+10	1.0E+10	1E-30	1.0E+10	1.0E+10	1E-30	1.0E+10	1.0E+10
115	0.000000000000118	1E-30	1.0E-10	1.0E+10	0.0000000321	1.63	1.0E+10	1E-30	15500	1.0E+10	0.00000065	2100	1.0E+10	0.00000048	190	1.0E+10	0.0000012	60	8.25E-15	0.000000022	60	1E-30	1.0E+10	1.0E+10	1E-30	1.0E+10	1.0E+10	1E-30	1.0E+10	1.0E+10	1E-30	1.0E+10	1.0E+10	1E-30	1.0E+10	1.0E+10	1E-30	1.0E+10	1.0E+10	1E-30	1.0E+10	1.0E+10	1E-30	1.0E+10	1.0E+10	1E-30	1.0E+10	1.0E+10
116	0.00000000000011	1E-30	1.0E-10	1.0E+10	0.0000000358	2.48	1.0E+10	1E-30	23000	1.0E+10	0.00000065	2000	1.0E+10	0.0000006	180	1.0E+10	0.000001	41	8.8E-15	0.000000022	60	1E-30	1.0E+10	1.0E+10	1E-30	1.0E+10	1.0E+10	1E-30	1.0E+10	1.0E+10	1E-30	1.0E+10	1.0E+10	1E-30	1.0E+10	1.0E+10	1E-30	1.0E+10	1.0E+10	1E-30	1.0E+10	1.0E+10	1E-30	1.0E+10	1.0E+10	1E-30	1.0E+10	1.0E+10
117	0.00000000000011	1E-30	1.0E-10	1.0E+10	0.0000000358	2.48	1.0E+10	1E-30	23000	1.0E+10	0.00000065	2000	1.0E+10	0.0000006	180	1.0E+10	0.000001	41	8.8E-15	0.000000022	60	1E-30	1.0E+10	1.0E+10	1E-30	1.0E+10	1.0E+10	1E-30	1.0E+10	1.0E+10	1E-30	1.0E+10	1.0E+10	1E-30	1.0E+10	1.0E+10	1E-30	1.0E+10	1.0E+10	1E-30	1.0E+10	1.0E+10	1E-30	1.0E+10	1.0E+10	1E-30	1.0E+10	1.0E+10
118	0.0000000000001	1E-30	1.0E-10	1.0E+10	0.0000000398	2.46	1.0E+10	1E-30	12000	1.0E+10	0.00000048	800	1.0E+10	0.00000082	100	1.0E+10	0.00000118	32	1.86E-14	0.0000000114	80	1E-30	1.0E+10	1.0E+10	1E-30	1.0E+10	1.0E+10	1E-30	1.0E+10	1.0E+10	1E-30	1.0E+10	1.0E+10	1E-30	1.0E+10	1.0E+10	1E-30	1.0E+10	1.0E+10	1E-30	1.0E+10	1.0E+10	1E-30	1.0E+10	1.0E+10	1E-30	1.0E+10	1.0E+10
119	0.0000000000001	1E-30	1.0E-10	1.0E+10	0.0000000398	2.46	1.0E+10	1E-30	12000	1.0E+10	0.00000048	800	1.0E+10	0.00000082	100	1.0E+10	0.00000118	32	1.86E-14	0.0000000114	80	1E-30	1.0E+10	1.0E+10	1E-30	1.0E+10	1.0E+10	1E-30	1.0E+10	1.0E+10	1E-30	1.0E+10	1.0E+10	1E-30	1.0E+10	1.0E+10	1E-30	1.0E+10	1.0E+10	1E-30	1.0E+10	1.0E+10	1E-30	1.0E+10	1.0E+10	1E-30	1.0E+10	1.0E+10
120	0.000000000000117	1E-30	1.0E-10	1.0E+10	0.0000000435	2.35	1.0E+10	1E-30	14500	1.0E+10	0.00000045	800	1.0E+10	0.000000795	100	1.0E+10	0.00000118	32	2.36E-14	0.0000000114	70	1E-30	1.0E+10	1.0E+10	1E-30	1.0E+10	1.0E+10	1E-30	1.0E+10	1.0E+10	1E-30	1.0E+10	1.0E+10	1E-30	1.0E+10	1.0E+10	1E-30	1.0E+10	1.0E+10	1E-30	1.0E+10	1.0E+10	1E-30	1.0E+10	1.0E+10	1E-30	1.0E+10	1.0E+10
121	0.000000000000117	1E-30	1.0E-10	1.0E+10	0.0000000435	2.35	1.0E+10	1E-30	14500	1.0E+10	0.00000045	800	1.0E+10	0.000000795	100	1.0E+10	0.00000118	32	2.36E-14	0.0000000114	70	1E-30	1.0E+10	1.0E+10	1E-30	1.0E+10	1.0E+10	1E-30	1.0E+10	1.0E+10	1E-30	1.0E+10	1.0E+10	1E-30	1.0E+10	1.0E+10	1E-30	1.0E+10	1.0E+10	1E-30	1.0E+10	1.0E+10	1E-30	1.0E+10	1.0E+10	1E-30	1.0E+10	1.0E+10
122	0.0000000000001	1E-30	1.0E-10	1.0E+10	0.0000000486	2.33	1.0E+10	1E-30	12000	1.0E+10	0.0000005	700	1.0E+10	0.0000008	120	1.0E+10	0.0000013	30	0.000000000000027	0.0000000114	100	1E-30	1.0E+10	1.0E+10	1E-30	1.0E+10	1.0E+10	1E-30	1.0E+10	1.0E+10	1E-30	1.0E+10	1.0E+10	1E-30	1.0E+10	1.0E+10	1E-30	1.0E+10	1.0E+10	1E-30	1.0E+10	1.0E+10	1E-30	1.0E+10	1.0E+10	1E-30	1.0E+10	1.0E+10
123	0.0000000000001	1E-30	1.0E-10	1.0E+10	0.0000000486	2.33	1.0E+10	1E-30	12000	1.0E+10	0.0000005	700	1.0E+10	0.0000008	120	1.0E+10	0.0000013	30	0.000000000000027	0.0000000114	100	1E-30	1.0E+10	1.0E+10	1E-30	1.0E+10	1.0E+10	1E-30	1.0E+10	1.0E+10	1E-30	1.0E+10	1.0E+10	1E-30	1.0E+10	1.0E+10	1E-30	1.0E+10	1.0E+10	1E-30	1.0E+10	1.0E+10	1E-30	1.0E+10	1.0E+10	1E-30	1.0E+10	1.0E+10
124	0.000000000000115	1E-30	1.0E-10	1.0E+10	0.000000052	2.95	1.0E+10	1E-30	26000	1.0E+10	0.0000007	1900	1.0E+10	0.000000795	200	1.0E+10	0.00000105	60	1.23E-14	0.0000000248	85	1.32E-14	0.0000000067	80	1E-30	1.0E+10	1.0E+10	1E-30	1.0E+10	1.0E+10	1E-30	1.0E+10	1.0E+10	1E-30	1.0E+10	1.0E+10	1E-30	1.0E+10	1.0E+10	1E-30	1.0E+10	1.0E+10	1E-30	1.0E+10	1.0E+10	1E-30	1.0E+10	1.0E+10
125	0.000000000000115	1E-30	1.0E-10	1.0E+10	0.000000052	2.95	1.0E+10	1E-30	26000	1.0E+10	0.0000007	1900	1.0E+10	0.000000795	200	1.0E+10	0.00000105	60	1.23E-14	0.0000000248	85	1.32E-14	0.0000000067	80	1E-30	1.0E+10	1.0E+10	1E-30	1.0E+10	1.0E+10	1E-30	1.0E+10	1.0E+10	1E-30	1.0E+10	1.0E+10	1E-30	1.0E+10	1.0E+10	1E-30	1.0E+10	1.0E+10	1E-30	1.0E+10	1.0E+10	1E-30	1.0E+10	1.0E+10
126	0.0000000000001	1E-30	1.0E-10	1.0E+10	0.000000058	2.58	1.0E+10	1E-30	13000	1.0E+10	0.00000066	1000	1.0E+10	0.0000011	220	1.0E+10	0.0000009	50	1.85E-14	0.0000000205	150	7.78E-15	0.000000011	180	1E-30	1.0E+10	1.0E+10	1E-30	1.0E+10	1.0E+10	1E-30	1.0E+10	1.0E+10	1E-30	1.0E+10	1.0E+10	1E-30	1.0E+10	1.0E+10	1E-30	1.0E+10	1.0E+10	1E-30	1.0E+10	1.0E+10	1E-30	1.0E+10	1.0E+10
127	0.0000000000001	1E-30	1.0E-10	1.0E+10	0.000000058	2.58	1.0E+10	1E-30	13000	1.0E+10	0.00000066	1000	1.0E+10	0.0000011	220	1.0E+10	0.0000009	50	1.85E-14	0.0000000205	150	7.78E-15	0.000000011	180	1E-30	1.0E+10	1.0E+10	1E-30	1.0E+10	1.0E+10	1E-30	1.0E+10	1.0E+10	1E-30	1.0E+10	1.0E+10	1E-30	1.0E+10	1.0E+10	1E-30	1.0E+10	1.0E+10	1E-30	1.0E+10	1.0E+10	1E-30	1.0E+10	1.0E+10
128	0.0000000000001	1E-30	1.0E-10	1.0E+10	0.0000000637	3.42	1.0E+10	1E-30	17000	1.0E+10	0.0000007	1230	1.0E+10	0.0000011	160	1.0E+10	0.0000009	35	1.85E-14	0.0000000212	100	7.58E-15	0.0000000149	80	1E-30	1.0E+10	1.0E+10	1E-30	1.0E+10	1.0E+10	1E-30	1.0E+10	1.0E+10	1E-30	1.0E+10	1.0E+10	1E-30	1.0E+10	1.0E+10	1E-30	1.0E+10	1.0E+10	1E-30	1.0E+10	1.0E+10	1E-30	1.0E+10	1.0E+10
129	0.0000000000001	1E-30	1.0E-10	1.0E+10	0.0000000637	3.42	1.0E+10	1E-30	17000	1.0E+10	0.0000007	1230	1.0E+10	0.0000011	160	1.0E+10	0.0000009	35	1.85E-14	0.0000000212	100	7.58E-15	0.0000000149	80	1E-30	1.0E+10	1.0E+10	1E-30	1.0E+10	1.0E+10	1E-30	1.0E+10	1.0E+10	1E-30	1.0E+10	1.0E+10	1E-30	1.0E+10	1.0E+10	1E-30	1.0E+10	1.0E+10	1E-30	1.0E+10	1.0E+10	1E-30	1.0E+10	1.0E+10
130	0.0000000000001	1E-30	1.0E-10	1.0E+10	0.0000000717	3.32	1.0E+10	1E-30	15000	1.0E+10	0.0000008	1230	1.0E+10	0.0000011	160	1.0E+10	0.0000009	50	1.85E-14	0.0000000245	140	7.58E-15	0.000000017	100	1E-30	1.0E+10	1.0E+10	1E-30	1.0E+10	1.0E+10	1E-30	1.0E+10	1.0E+10	1E-30	1.0E+10	1.0E+10	1E-30	1.0E+10	1.0E+10	1E-30	1.0E+10	1.0E+10	1E-30	1.0E+10	1.0E+10	1E-30	1.0E+10	1.0E+10
131	0.0000000000001	1E-30	1.0E-10	1.0E+10	0.0000000717	3.32	1.0E+10	1E-30	15000	1.0E+10	0.0000008	1230	1.0E+10	0.0000011	160	1.0E+10	0.0000009	50	1.85E-14	0.0000000245	140	7.58E-15	0.000000017	100	1E-30	1.0E+10	1.0E+10	1E-30	1.0E+10	1.0E+10	1E-30	1.0E+10	1.0E+10	1E-30	1.0E+10	1.0E+10	1E-30	1.0E+10	1.0E+10	1E-30	1.0E+10	1.0E+10	1E-30	1.0E+10	1.0E+10	1E-30	1.0E+10	1.0E+10
132	0.000000000000153	1E-30	1.0E-10	1.0E+10	0.0000000788	5.9	1.0E+10	1E-30	11000	1.0E+10	0.00000085	1200	1.0E+10	0.00000085	180	1.0E+10	0.00000122	47	1.33E-14	0.000000038	120	5.31E-15	0.0000000262	130	1E-30	1.0E+10	1.0E+10	1E-30	1.0E+10	1.0E+10	1E-30	1.0E+10	1.0E+10	1E-30	1.0E+10	1.0E+10	1E-30	1.0E+10	1.0E+10	1E-30	1.0E+10	1.0E+10	1E-30	1.0E+10	1.0E+10	1E-30	1.0E+10	1.0E+10
133	0.000000000000153	1E-30	1.0E-10	1.0E+10	0.0000000788	5.9	1.0E+10	1E-30	11000	1.0E+10	0.00000085	1200	1.0E+10	0.00000085	180	1.0E+10	0.00000122	47	1.33E-14	0.000000038	120	5.31E-15	0.0000000262	130	1E-30	1.0E+10	1.0E+10	1E-30	1.0E+10	1.0E+10	1E-30	1.0E+10	1.0E+10	1E-30	1.0E+10	1.0E+10	1E-30	1.0E+10	1.0E+10	1E-30	1.0E+10	1.0E+10	1E-30	1.0E+10	1.0E+10	1E-30	1.0E+10	1.0E+10
134	0.000000000000155	1E-30	1.0E-10	1.0E+10	0.00000009	5.7	1.0E+10	1E-30	11000	1.0E+10	0.00000095	1350	1.0E+10	0.00000097	180	1.0E+10	0.0000008	95	1.04E-14	0.000000055	140	4.2E-15	0.00000004	200	1.26E-15	0.0000000619	300	1E-30	1.0E+10	1.0E+10	1E-30	1.0E+10	1.0E+10	1E-30	1.0E+10	1.0E+10	1E-30	1.0E+10	1.0E+10	1E-30	1.0E+10	1.0E+10	1E-30	1.0E+10	1.0E+10	1E-30	1.0E+10	1.0E+10
135	0.000000000000155	1E-30	1.0E-10	1.0E+10	0.00000009	5.7	1.0E+10	1E-30	11000	1.0E+10	0.00000095	1350	1.0E+10	0.00000097	180	1.0E+10	0.0000008	95	1.04E-14	0.000000055	140	4.2E-15	0.00000004	200	1.26E-15	0.0000000619	300	1E-30	1.0E+10	1.0E+10	1E-30	1.0E+10	1.0E+10	1E-30	1.0E+10	1.0E+10	1E-30	1.0E+10	1.0E+10	1E-30	1.0E+10	1.0E+10	1E-30	1.0E+10	1.0E+10	1E-30	1.0E+10	1.0E+10
136	0.000000000000145	1E-30	1.0E-10	1.0E+10	0.0000001	6.2	1.0E+10	1E-30	12000	1.0E+10	0.00000105	1350	1.0E+10	0.000001	180	1.0E+10	0.0000008	100	0.000000000000011	0.000000055	140	4.4E-15	0.00000004	250	1.26E-15	0.0000000619	300	1E-30	1.0E+10	1.0E+10	1E-30	1.0E+10	1.0E+10	1E-30	1.0E+10	1.0E+10	1E-30	1.0E+10	1.0E+10	1E-30	1.0E+10	1.0E+10	1E-30	1.0E+10	1.0E+10	1E-30	1.0E+10	1.0E+10
137	0.000000000000145	1E-30	1.0E-10	1.0E+10	0.0000001	6.2	1.0E+10	1E-30	12000	1.0E+10	0.00000105	1350	1.0E+10	0.000001	180	1.0E+10	0.0000008	100	0.000000000000011	0.000000055	140	4.4E-15	0.00000004	250	1.26E-15	0.0000000619	300	1E-30	1.0E+10	1.0E+10	1E-30	1.0E+10	1.0E+10	1E-30	1.0E+10	1.0E+10	1E-30	1.0E+10	1.0E+10	1E-30	1.0E+10	1.0E+10	1E-30	1.0E+10	1.0E+10	1E-30	1.0E+10	1.0E+10
138	0.000000000000145	1E-30	1.0E-10	1.0E+10	0.000000113	6.35	1.0E+10	1E-30	12000	1.0E+10	0.00000105	1350	1.0E+10	0.000001	140	1.0E+10	0.00000085	60	1.35E-14	0.000000055	160	5.4E-15	0.00000004	250	1E-30	1.0E+10	1.0E+10	1E-30	1.0E+10	1.0E+10	1E-30	1.0E+10	1.0E+10	1E-30	1.0E+10	1.0E+10	1E-30	1.0E+10	1.0E+10	1E-30	1.0E+10	1.0E+10	1E-30	1.0E+10	1.0E+10	1E-30	1.0E+10	1.0E+10
139	0.000000000000145	1E-30	1.0E-10	1.0E+10	0.000000113	6.35	1.0E+10	1E-30	12000	1.0E+10	0.00000105	1350	1.0E+10	0.000001	140	1.0E+10	0.00000085	60	1.35E-14	0.000000055	160	5.4E-15	0.00000004	250	1E-30	1.0E+10	1.0E+10	1E-30	1.0E+10	1.0E+10	1E-30	1.0E+10	1.0E+10	1E-30	1.0E+10	1.0E+10	1E-30	1.0E+10	1.0E+10	1E-30	1.0E+10	1.0E+10	1E-30	1.0E+10	1.0E+10	1E-30	1.0E+10	1.0E+10
140	0.000000000000142	1E-30	1.0E-10	1.0E+10	0.000000115	7.05	1.0E+10	1E-30	12000	1.0E+10	0.0000012	1200	1.0E+10	0.00000088	180	1.0E+10	0.0000039	250	0.000000000000009	0.0000000866	180	4.54E-15	0.0000000506	191	8.65E-15	0.0000000139	120	1.24E-14	0.00000000568	80	1E-30	1.0E+10	1.0E+10	1E-30	1.0E+10	1.0E+10	1E-30	1.0E+10	1.0E+10	1E-30	1.0E+10	1.0E+10	1E-30	1.0E+10	1.0E+10	1E-30	1.0E+10	1.0E+10
141	0.000000000000142	1E-30	1.0E-10	1.0E+10	0.000000115	7.05	1.0E+10	1E-30	12000	1.0E+10	0.0000012	1200	1.0E+10	0.00000088	180	1.0E+10	0.0000039	250	0.000000000000009	0.0000000866	180	4.54E-15	0.0000000506	191	8.65E-15	0.0000000139	120	1.24E-14	0.00000000568	80	1E-30	1.0E+10	1.0E+10	1E-30	1.0E+10	1.0E+10	1E-30	1.0E+10	1.0E+10	1E-30	1.0E+10	1.0E+10	1E-30	1.0E+10	1.0E+10	1E-30	1.0E+10	1.0E+10
142	0.00000000000016	1E-30	1.0E-10	1.0E+10	0.000000121	7.7	1.0E+10	1E-30	14000	1.0E+10	0.0000016	2500	1.0E+10	0.0000009	180	1.0E+10	0.000008	400	1.43E-14	0.0000000707	200	5.8E-15	0.0000000492	250	6.3E-15	0.0000000223	200	6.57E-15	0.0000000119	250	1E-30	1.0E+10	1.0E+10	1E-30	1.0E+10	1.0E+10	1E-30	1.0E+10	1.0E+10	1E-30	1.0E+10	1.0E+10	1E-30	1.0E+10	1.0E+10	1E-30	1.0E+10	1.0E+10
143	0.00000000000016	1E-30	1.0E-10	1.0E+10	0.000000121	7.7	1.0E+10	1E-30	14000	1.0E+10	0.0000016	2500	1.0E+10	0.0000009	180	1.0E+10	0.000008	400	1.43E-14	0.0000000707	200	5.8E-15	0.0000000492	250	6.3E-15	0.0000000223	200	6.57E-15	0.0000000119	250	1E-30	1.0E+10	1.0E+10	1E-30	1.0E+10	1.0E+10	1E-30	1.0E+10	1.0E+10	1E-30	1.0E+10	1.0E+10	1E-30	1.0E+10	1.0E+10	1E-30	1.0E+10	1.0E+10
144	0.000000000000164	1E-30	1.0E-10	1.0E+10	0.000000134	7.9	1.0E+10	1E-30	15000	1.0E+10	0.0000016	2500	1.0E+10	0.00000089	205	1.0E+10	0.0000068	300	1.43E-14	0.0000000707	200	6.08E-15	0.0000000492	250	6.23E-15	0.0000000223	250	6.57E-15	0.0000000119	150	1E-30	1.0E+10	1.0E+10	1E-30	1.0E+10	1.0E+10	1E-30	1.0E+10	1.0E+10	1E-30	1.0E+10	1.0E+10	1E-30	1.0E+10	1.0E+10	1E-30	1.0E+10	1.0E+10
145	0.000000000000164	1E-30	1.0E-10	1.0E+10	0.000000134	7.9	1.0E+10	1E-30	15000	1.0E+10	0.0000016	2500	1.0E+10	0.00000089	205	1.0E+10	0.0000068	300	1.43E-14	0.0000000707	200	6.08E-15	0.0000000492	250	6.23E-15	0.0000000223	250	6.57E-15	0.0000000119	150	1E-30	1.0E+10	1.0E+10	1E-30	1.0E+10	1.0E+10	1E-30	1.0E+10	1.0E+10	1E-30	1.0E+10	1.0E+10	1E-30	1.0E+10	1.0E+10	1E-30	1.0E+10	1.0E+10
146	0.00000000000018	1E-30	1.0E-10	1.0E+10	0.00000015	5.67	1.0E+10	1E-30	10000	1.0E+10	0.000001	1200	1.0E+10	0.0000015	250	1.0E+10	0.0000075	300	0.000000000000018	0.0000000707	250	9.08E-15	0.0000000492	500	7.5E-15	0.0000000223	150	5.57E-15	0.0000000119	100	1E-30	1.0E+10	1.0E+10	1E-30	1.0E+10	1.0E+10	1E-30	1.0E+10	1.0E+10	1E-30	1.0E+10	1.0E+10	1E-30	1.0E+10	1.0E+10	1E-30	1.0E+10	1.0E+10
147	0.00000000000018	1E-30	1.0E-10	1.0E+10	0.00000015	5.67	1.0E+10	1E-30	10000	1.0E+10	0.000001	1200	1.0E+10	0.0000015	250	1.0E+10	0.0000075	300	0.000000000000018	0.0000000707	250	9.08E-15	0.0000000492	500	7.5E-15	0.0000000223	150	5.57E-15	0.0000000119	100	1E-30	1.0E+10	1.0E+10	1E-30	1.0E+10	1.0E+10	1E-30	1.0E+10	1.0E+10	1E-30	1.0E+10	1.0E+10	1E-30	1.0E+10	1.0E+10	1E-30	1.0E+10	1.0E+10
148	0.000000000000194	1E-30	1.0E-10	1.0E+10	0.000000179	6.2	1.0E+10	1E-30	6500	1.0E+10	0.00000125	1200	1.0E+10	0.0000014	165	1.0E+10	0.0000075	300	0.000000000000022	0.0000000707	250	9.08E-15	0.0000000492	500	7.5E-15	0.0000000223	150	6.57E-15	0.0000000119	100	1E-30	1.0E+10	1.0E+10	1E-30	1.0E+10	1.0E+10	1E-30	1.0E+10	1.0E+10	1E-30	1.0E+10	1.0E+10	1E-30	1.0E+10	1.0E+10	1E-30	1.0E+10	1.0E+10
149	0.000000000000194	1E-30	1.0E-10	1.0E+10	0.000000179	6.2	1.0E+10	1E-30	6500	1.0E+10	0.00000125	1200	1.0E+10	0.0000014	165	1.0E+10	0.0000075	300	0.000000000000022	0.0000000707	250	9.08E-15	0.0000000492	500	7.5E-15	0.0000000223	150	6.57E-15	0.0000000119	100	1E-30	1.0E+10	1.0E+10	1E-30	1.0E+10	1.0E+10	1E-30	1.0E+10	1.0E+10	1E-30	1.0E+10	1.0E+10	1E-30	1.0E+10	1.0E+10	1E-30	1.0E+10	1.0E+10
150	0.0000000000002	1E-30	1.0E-10	1.0E+10	0.00000019	6.5	1.0E+10	1E-30	10000	1.0E+10	0.0000011	1200	1.0E+10	0.0000016	220	1.0E+10	0.0000075	300	0.000000000000022	0.0000000707	250	0.00000000000001	0.0000000492	400	1E-30	1.0E+10	1.0E+10	1E-30	1.0E+10	1.0E+10	1E-30	1.0E+10	1.0E+10	1E-30	1.0E+10	1.0E+10	1E-30	1.0E+10	1.0E+10	1E-30	1.0E+10	1.0E+10	1E-30	1.0E+10	1.0E+10	1E-30	1.0E+10	1.0E+10
151	0.0000000000002	1E-30	1.0E-10	1.0E+10	0.00000019	6.5	1.0E+10	1E-30	10000	1.0E+10	0.0000011	1200	1.0E+10	0.0000016	220	1.0E+10	0.0000075	300	0.000000000000022	0.0000000707	250	0.00000000000001	0.0000000492	400	1E-30	1.0E+10	1.0E+10	1E-30	1.0E+10	1.0E+10	1E-30	1.0E+10	1.0E+10	1E-30	1.0E+10	1.0E+10	1E-30	1.0E+10	1.0E+10	1E-30	1.0E+10	1.0E+10	1E-30	1.0E+10	1.0E+10	1E-30	1.0E+10	1.0E+10
152	0.000000000000194	1E-30	1.0E-10	1.0E+10	0.000000212	7.5	1.0E+10	1E-30	7500	1.0E+10	0.0000014	1200	1.0E+10	0.00000215	200	1.0E+10	0.0000075	300	0.000000000000029	0.0000000707	300	0.000000000000011	0.0000000492	500	7.2E-15	0.0000000223	250	6.57E-15	0.0000000119	100	1E-30	1.0E+10	1.0E+10	1E-30	1.0E+10	1.0E+10	1E-30	1.0E+10	1.0E+10	1E-30	1.0E+10	1.0E+10	1E-30	1.0E+10	1.0E+10	1E-30	1.0E+10	1.0E+10
153	0.000000000000194	1E-30	1.0E-10	1.0E+10	0.000000212	7.5	1.0E+10	1E-30	7500	1.0E+10	0.0000014	1200	1.0E+10	0.00000215	200	1.0E+10	0.0000075	300	0.000000000000029	0.0000000707	300	0.000000000000011	0.0000000492	500	7.2E-15	0.0000000223	250	6.57E-15	0.0000000119	100	1E-30	1.0E+10	1.0E+10	1E-30	1.0E+10	1.0E+10	1E-30	1.0E+10	1.0E+10	1E-30	1.0E+10	1.0E+10	1E-30	1.0E+10	1.0E+10	1E-30	1.0E+10	1.0E+10
154	0.00000000000022	1E-30	1.0E-10	1.0E+10	0.000000249	7.9	1.0E+10	1E-30	11000	1.0E+10	0.00000135	1200	1.0E+10	0.0000016	135	1.0E+10	0.0000075	300	0.000000000000031	0.0000000707	300	0.000000000000018	0.00000004	400	1E-30	1.0E+10	1.0E+10	1E-30	1.0E+10	1.0E+10	1E-30	1.0E+10	1.0E+10	1E-30	1.0E+10	1.0E+10	1E-30	1.0E+10	1.0E+10	1E-30	1.0E+10	1.0E+10	1E-30	1.0E+10	1.0E+10	1E-30	1.0E+10	1.0E+10
155	0.00000000000022	1E-30	1.0E-10	1.0E+10	0.000000249	7.9	1.0E+10	1E-30	11000	1.0E+10	0.00000135	1200	1.0E+10	0.0000016	135	1.0E+10	0.0000075	300	0.000000000000031	0.0000000707	300	0.000000000000018	0.00000004	400	1E-30	1.0E+10	1.0E+10	1E-30	1.0E+10	1.0E+10	1E-30	1.0E+10	1.0E+10	1E-30	1.0E+10	1.0E+10	1E-30	1.0E+10	1.0E+10	1E-30	1.0E+10	1.0E+10	1E-30	1.0E+10	1.0E+10	1E-30	1.0E+10	1.0E+10
156	0.000000000000194	1E-30	1.0E-10	1.0E+10	0.000000265	8.5	1.0E+10	1E-30	8500	1.0E+10	0.0000017	1500	1.0E+10	0.00000215	200	1.0E+10	0.0000075	300	0.000000000000039	0.0000000707	300	0.000000000000015	0.0000000492	500	1E-30	1.0E+10	1.0E+10	1E-30	1.0E+10	1.0E+10	1E-30	1.0E+10	1.0E+10	1E-30	1.0E+10	1.0E+10	1E-30	1.0E+10	1.0E+10	1E-30	1.0E+10	1.0E+10	1E-30	1.0E+10	1.0E+10	1E-30	1.0E+10	1.0E+10
157	0.000000000000194	1E-30	1.0E-10	1.0E+10	0.000000265	8.5	1.0E+10	1E-30	8500	1.0E+10	0.0000017	1500	1.0E+10	0.00000215	200	1.0E+10	0.0000075	300	0.000000000000039	0.0000000707	300	0.000000000000015	0.0000000492	500	1E-30	1.0E+10	1.0E+10	1E-30	1.0E+10	1.0E+10	1E-30	1.0E+10	1.0E+10	1E-30	1.0E+10	1.0E+10	1E-30	1.0E+10	1.0E+10	1E-30	1.0E+10	1.0E+10	1E-30	1.0E+10	1.0E+10	1E-30	1.0E+10	1.0E+10
158	0.000000000000195	1E-30	1.0E-10	1.0E+10	0.000000295	8.75	1.0E+10	1E-30	8500	1.0E+10	0.000002	1500	1.0E+10	0.00000215	180	1.0E+10	0.0000075	300	0.00000000000004	0.0000000707	500	0.000000000000018	0.0000000492	600	1E-30	1.0E+10	1.0E+10	1E-30	1.0E+10	1.0E+10	1E-30	1.0E+10	1.0E+10	1E-30	1.0E+10	1.0E+10	1E-30	1.0E+10	1.0E+10	1E-30	1.0E+10	1.0E+10	1E-30	1.0E+10	1.0E+10	1E-30	1.0E+10	1.0E+10
159	0.000000000000195	1E-30	1.0E-10	1.0E+10	0.000000295	8.75	1.0E+10	1E-30	8500	1.0E+10	0.000002	1500	1.0E+10	0.00000215	180	1.0E+10	0.0000075	300	0.00000000000004	0.0000000707	500	0.000000000000018	0.0000000492	600	1E-30	1.0E+10	1.0E+10	1E-30	1.0E+10	1.0E+10	1E-30	1.0E+10	1.0E+10	1E-30	1.0E+10	1.0E+10	1E-30	1.0E+10	1.0E+10	1E-30	1.0E+10	1.0E+10	1E-30	1.0E+10	1.0E+10	1E-30	1.0E+10	1.0E+10
160	0.00000000000021	1E-30	1.0E-10	1.0E+10	0.000000325	9.5	1.0E+10	1E-30	6000	1.0E+10	0.00000265	1600	1.0E+10	0.0000028	210	1.0E+10	0.0000075	250	0.000000000000049	0.0000000707	300	9.6E-15	0.0000001	400	1E-30	1.0E+10	1.0E+10	1E-30	1.0E+10	1.0E+10	1E-30	1.0E+10	1.0E+10	1E-30	1.0E+10	1.0E+10	1E-30	1.0E+10	1.0E+10	1E-30	1.0E+10	1.0E+10	1E-30	1.0E+10	1.0E+10	1E-30	1.0E+10	1.0E+10
161	0.00000000000021	1E-30	1.0E-10	1.0E+10	0.000000325	9.5	1.0E+10	1E-30	6000	1.0E+10	0.00000265	1600	1.0E+10	0.0000028	210	1.0E+10	0.0000075	250	0.000000000000049	0.0000000707	300	9.6E-15	0.0000001	400	1E-30	1.0E+10	1.0E+10	1E-30	1.0E+10	1.0E+10	1E-30	1.0E+10	1.0E+10	1E-30	1.0E+10	1.0E+10	1E-30	1.0E+10	1.0E+10	1E-30	1.0E+10	1.0E+10	1E-30	1.0E+10	1.0E+10	1E-30	1.0E+10	1.0E+10
END DSCRDATA
