BEGIN DSCRDATA
% INDEX	K01	L01	M01	K02	L02	M02	K03	L03	M03	K04	L04	M04	K05	L05	M05	K06	L06	M06	K07	L07	M07	K08	L08	M08	K09	L09	M09	K10	L10	M10	K11	L11	M11	K12	L12	M12	K13	L13	M13	K14	L14	M14	K15	L15	M15	K16	L16	M16	K17	L17	M17	K18	L18	M18
0	3.26545532714269E-08	1.0E+10	3030303030.30303	1E-30	2.1786807127319E-10	1.0E+10	1E-30	1.0E+10	2.76678115874913E-02	2.79714781970305E-06	1.0E+10	0.568990104744595	4.97411037461319E-06	1.0E+10	8.03719885470575E-02	2.79714781970305E-06	1.0E+10	4.41676928198249E-02	9.47797192563889E-07	1.0E+10	1.05950915493337E-02	1E-30	1.61911581465158E-10	0.26722476808423	8.10915938028664E-08	5.31184631467891E-11	8.09347132771851E-02	2.74774126721153E-08	4.95730341834675E-11	8.47490488008547E-02	5.35766847140472E-12	4.62642473552773E-10	47.6578924112942	1.0E+10	1E-30	1.0E-10	1.0E+10	1E-30	1.0E-10	1.0E+10	1E-30	1.0E-10	1.0E+10	1E-30	1.0E-10	1.0E+10	1E-30	1.0E-10	1.0E+10	1E-30	1.0E-10	1.0E+10	1E-30	1.0E-10
1	4.98329071908376E-08	1.0E+10	2127659574.46808	1E-30	2.24497812203129E-10	1.0E+10	1E-30	1.0E+10	0.022043565388381	3.78111919270143E-06	1.0E+10	0.420920195795749	9.94535678610389E-06	1.0E+10	3.04929726156246E-02	3.78111919270143E-06	1.0E+10	2.65582688977369E-02	4.24248551212635E-06	1.0E+10	2.36700820703163E-03	1E-30	1.53260177332018E-10	0.196348739601856	1E-30	1.92943131859357E-11	0.163315768102496	1.02022976263455E-07	8.4240968024114E-11	0.109247794948957	4.15621484126086E-08	7.17006922603135E-11	0.104330834215444	5.87080950679927E-12	2.78948062166039E-10	45.5420609258654	1.0E+10	1E-30	1.0E-10	1.0E+10	1E-30	1.0E-10	1.0E+10	1E-30	1.0E-10	1.0E+10	1E-30	1.0E-10	1.0E+10	1E-30	1.0E-10	1.0E+10	1E-30	1.0E-10
2	6.7228723418459E-08	1.0E+10	1470588235.29412	1E-30	3.44539229096993E-10	1.0E+10	1E-30	1.0E+10	1.87584363689626E-02	5.41267977274068E-06	1.0E+10	0.29404093678963	6.35934423066367E-06	1.0E+10	4.76878560322301E-02	4.29944436900893E-06	1.0E+10	1.14395198887576E-02	1E-30	2.00195295425542E-11	0.16945432640101	1E-30	1.26314691979128E-10	0.119964476021248	1.35326741025018E-07	6.65024605797867E-11	0.082362030641466	4.91341698897407E-08	6.35093568058791E-11	9.03081707884444E-02	1.38478905759093E-11	1.55896984380813E-10	21.1703016221104	1.0E+10	1E-30	1.0E-10	1.0E+10	1E-30	1.0E-10	1.0E+10	1E-30	1.0E-10	1.0E+10	1E-30	1.0E-10	1.0E+10	1E-30	1.0E-10	1.0E+10	1E-30	1.0E-10	1.0E+10	1E-30	1.0E-10
3	9.88012527680262E-08	1.0E+10	1000000000	1E-30	3.07086184535279E-10	1.0E+10	1E-30	1.0E+10	1.40500312624738E-02	7.1760469289312E-06	1.0E+10	0.221786374403769	7.68927281964083E-06	1.0E+10	2.48848404993753E-02	8.23920426948394E-06	1.0E+10	1.64412510726514E-03	1E-30	1.5818156253158E-10	0.113960581152613	1E-30	1.47623623539386E-11	7.88414595052987E-02	1.81600499433832E-07	9.88790531420702E-11	9.72732956615412E-02	8.49409352605094E-08	8.03719118032863E-11	8.27930020388438E-02	7.57036882368866E-12	2.1632379787669E-10	33.7282361708207	1.0E+10	1E-30	1.0E-10	1.0E+10	1E-30	1.0E-10	1.0E+10	1E-30	1.0E-10	1.0E+10	1E-30	1.0E-10	1.0E+10	1E-30	1.0E-10	1.0E+10	1E-30	1.0E-10	1.0E+10	1E-30	1.0E-10
4	1.50089239435858E-07	1.0E+10	666666666.666667	1E-30	2.77187505511361E-10	1.0E+10	1E-30	1.0E+10	2.14296180112589E-02	1.41126086489925E-05	1.0E+10	0.112774999328886	2.03989258102267E-05	1.0E+10	1.95980487295948E-02	2.2366977375656E-05	1.0E+10	6.64068428375451E-03	1E-30	3.54158333711299E-11	0.1502436963502	1E-30	1.28587118884519E-10	0.108841936410672	3.91349686812763E-07	4.58834797604821E-11	2.16045725519223E-02	6.64299796851541E-08	7.64087956216763E-11	3.36473432148338E-02	6.80087810074027E-12	2.76475305721273E-10	25.3831594667672	1.0E+10	1E-30	1.0E-10	1.0E+10	1E-30	1.0E-10	1.0E+10	1E-30	1.0E-10	1.0E+10	1E-30	1.0E-10	1.0E+10	1E-30	1.0E-10	1.0E+10	1E-30	1.0E-10	1.0E+10	1E-30	1.0E-10
5	2.22282425528294E-07	1.0E+10	454545454.545455	1E-30	3.22856106323433E-10	1.0E+10	1E-30	1.0E+10	1.47418748626629E-02	1.99921949020899E-05	1.0E+10	7.96085391680821E-02	2.95706231775748E-05	1.0E+10	1.35194696323948E-02	5.50630770420668E-05	1.0E+10	2.89041135442367E-03	1E-30	1.77815531385289E-11	0.134143145563931	1E-30	1.69812514152413E-10	7.71913232775174E-02	5.74134348971072E-07	6.84238973059764E-11	3.45220946094529E-02	1.81557222568654E-07	6.84238973059764E-11	3.45220946094529E-02	7.744859263829E-12	2.9188233187313E-10	32.9683444059581	1.0E+10	1E-30	1.0E-10	1.0E+10	1E-30	1.0E-10	1.0E+10	1E-30	1.0E-10	1.0E+10	1E-30	1.0E-10	1.0E+10	1E-30	1.0E-10	1.0E+10	1E-30	1.0E-10	1.0E+10	1E-30	1.0E-10
6	3.25877430752919E-07	1.0E+10	303030303.030303	1E-30	3.2958812546385E-10	1.0E+10	1E-30	1.0E+10	1.24390011286126E-02	3.42903288388206E-05	1.0E+10	4.64139448297485E-02	5.19005129265735E-05	1.0E+10	9.69724753504663E-03	8.22567696225663E-05	1.0E+10	1.93485525656034E-03	1E-30	1.49679090154521E-11	0.105380420850499	1E-30	1.5316556404608E-10	8.18012478343176E-02	8.70085194827024E-07	5.95195389892848E-11	2.07753758747829E-02	2.13580588514744E-07	8.02896488855119E-11	3.07290327237387E-02	6.75401123705791E-12	3.34702964299531E-10	38.6855601757693	1.0E+10	1E-30	1.0E-10	1.0E+10	1E-30	1.0E-10	1.0E+10	1E-30	1.0E-10	1.0E+10	1E-30	1.0E-10	1.0E+10	1E-30	1.0E-10	1.0E+10	1E-30	1.0E-10	1.0E+10	1E-30	1.0E-10
7	4.69461618501093E-07	1.0E+10	212765957.446809	1E-30	2.49718048323247E-10	1.0E+10	1E-30	1.0E+10	8.74020482006969E-03	4.88458635934731E-05	1.0E+10	3.25830953499944E-02	1.04430604591843E-04	1.0E+10	6.06725627238842E-03	6.00935405624113E-05	1.0E+10	4.19751579774049E-03	1E-30	1.47072970636879E-11	6.68546560215614E-02	1E-30	1.98395978421642E-10	6.53328582584673E-02	8.61396383165388E-07	9.97742090528896E-11	3.03324593933034E-02	4.02905358984144E-07	7.74494420912139E-11	2.76635317510157E-02	5.69118946494813E-12	2.62432908488494E-10	34.8263231013284	1.0E+10	1E-30	1.0E-10	1.0E+10	1E-30	1.0E-10	1.0E+10	1E-30	1.0E-10	1.0E+10	1E-30	1.0E-10	1.0E+10	1E-30	1.0E-10	1.0E+10	1E-30	1.0E-10	1.0E+10	1E-30	1.0E-10
END DSCRDATA
