BEGIN DSCRDATA
% INDEX	K01	L01	M01	K02	L02	M02	K03	L03	M03	K04	L04	M04	K05	L05	M05	K06	L06	M06	K07	L07	M07	K08	L08	M08	K09	L09	M09	K10	L10	M10	K11	L11	M11	K12	L12	M12	K13	L13	M13	K14	L14	M14	K15	L15	M15	K16	L16	M16	K17	L17	M17	K18	L18	M18
0	2.63648336968996E-09	1.0E+10	1.0E+10	1E-30	1.47707975844966E-11	1.0E+10	1E-30	1.0E+10	4.26032784048737E-03	1E-30	1.44083093350573E-10	0.925142300223281	1E-30	6.5106110959698E-11	9.30852679836436E-03	3.81969036587961E-09	1.06820322633872E-10	1.72815725102499	2.65102162207136E-09	5.48812598590342E-11	1.26878358436857	7.86272130182155E-09	8.18814230621968E-12	0.297005500479356	3.88025443315659E-09	9.76822810542684E-12	0.294399043583336	2.14795118148929E-12	4.28222219339448E-10	351.99888378198	1.0E+10	1E-30	1.0E-10	1.0E+10	1E-30	1.0E-10	1.0E+10	1E-30	1.0E-10	1.0E+10	1E-30	1.0E-10	1.0E+10	1E-30	1.0E-10	1.0E+10	1E-30	1.0E-10	1.0E+10	1E-30	1.0E-10	1.0E+10	1E-30	1.0E-10
1	3.2148470533066E-09	1.0E+10	1.0E+10	1E-30	1.48040797449289E-11	1.0E+10	1E-30	1.0E+10	4.62224161945494E-03	1E-30	1.45633310784014E-10	0.764312514420042	1E-30	4.05380415023517E-11	9.86165524805891E-03	4.5282365754652E-09	1.25567031016301E-10	1.89443318265252	2.737509384438E-09	7.50286075594458E-11	1.45407382322735	6.76439707243762E-09	1.4273936537137E-11	0.388949730055318	2.96042508722742E-09	1.90378763409147E-11	0.391298832960323	2.12831246388292E-12	3.71332487984831E-10	162.462924004478	1.0E+10	1E-30	1.0E-10	1.0E+10	1E-30	1.0E-10	1.0E+10	1E-30	1.0E-10	1.0E+10	1E-30	1.0E-10	1.0E+10	1E-30	1.0E-10	1.0E+10	1E-30	1.0E-10	1.0E+10	1E-30	1.0E-10	1.0E+10	1E-30	1.0E-10
2	3.8271428728097E-09	1.0E+10	1.0E+10	1E-30	5.5055339090686E-11	1.0E+10	1E-30	1.0E+10	4.61352522729638E-03	1E-30	1.58571527834508E-10	0.537791962090311	1E-30	4.85691578059047E-11	5.56653514086027E-03	6.68162826145866E-09	1.14240170281202E-10	1.77555485239021	4.91901709157223E-09	5.80018204311511E-11	1.28627040009651	1.14239815060117E-08	1.15309245614899E-11	0.27882094779325	6.20842378156764E-09	1.25849941629736E-11	0.324561254024325	2.24843426835894E-12	4.81184338699277E-10	308.451452824719	1.0E+10	1E-30	1.0E-10	1.0E+10	1E-30	1.0E-10	1.0E+10	1E-30	1.0E-10	1.0E+10	1E-30	1.0E-10	1.0E+10	1E-30	1.0E-10	1.0E+10	1E-30	1.0E-10	1.0E+10	1E-30	1.0E-10	1.0E+10	1E-30	1.0E-10
3	4.56563695800146E-09	1.0E+10	1.0E+10	1E-30	5.32807546888743E-11	1.0E+10	1E-30	1.0E+10	3.77076614806632E-03	1E-30	1.85042896881735E-10	0.64218700784136	1E-30	4.26599569535224E-11	0.004357574241972	9.01856490041139E-09	1.14173079850665E-10	1.73411928574089	4.07752601168753E-09	9.43893979018165E-11	1.37858836329855	1.20318142785695E-08	1.51129937466069E-11	0.489389544845366	8.09524666034663E-09	1.3633403426745E-11	0.419826669092893	2.21893976520422E-12	3.61448283252954E-10	303.687332984598	1.0E+10	1E-30	1.0E-10	1.0E+10	1E-30	1.0E-10	1.0E+10	1E-30	1.0E-10	1.0E+10	1E-30	1.0E-10	1.0E+10	1E-30	1.0E-10	1.0E+10	1E-30	1.0E-10	1.0E+10	1E-30	1.0E-10	1.0E+10	1E-30	1.0E-10
4	1.19573701458447E-08	1.0E+10	1.0E+10	1E-30	1.55305213541277E-11	1.0E+10	1E-30	1.0E+10	5.26167847359734E-03	1E-30	7.18334199462183E-11	1.24812288793235	1E-30	1.27148712431058E-10	0.239292987933657	1E-30	2.68960784270869E-11	2.11095329800185E-03	1.89885679560546E-08	1.0031660850316E-10	0.695840069609649	1.50963552124145E-08	4.62382311887193E-11	0.544035665092583	4.86266132839499E-08	6.57091478952709E-12	0.105213188134233	1.8609356906407E-08	1.035887331963E-11	0.129888844792599	2.16080648956386E-12	3.81144800649017E-10	421.402223745178	1.0E+10	1E-30	1.0E-10	1.0E+10	1E-30	1.0E-10	1.0E+10	1E-30	1.0E-10	1.0E+10	1E-30	1.0E-10	1.0E+10	1E-30	1.0E-10	1.0E+10	1E-30	1.0E-10	1.0E+10	1E-30	1.0E-10
5	1.19573701458447E-08	1.0E+10	1.0E+10	1E-30	1.55305213541277E-11	1.0E+10	1E-30	1.0E+10	5.26167847359734E-03	1E-30	7.18334199462183E-11	1.24812288793235	1E-30	1.27148712431058E-10	0.239292987933657	1E-30	2.68960784270869E-11	2.11095329800185E-03	1.89885679560546E-08	1.0031660850316E-10	0.695840069609649	1.50963552124145E-08	4.62382311887193E-11	0.544035665092583	4.86266132839499E-08	6.57091478952709E-12	0.105213188134233	1.8609356906407E-08	1.035887331963E-11	0.129888844792599	2.16080648956386E-12	3.81144800649017E-10	421.402223745178	1.0E+10	1E-30	1.0E-10	1.0E+10	1E-30	1.0E-10	1.0E+10	1E-30	1.0E-10	1.0E+10	1E-30	1.0E-10	1.0E+10	1E-30	1.0E-10	1.0E+10	1E-30	1.0E-10	1.0E+10	1E-30	1.0E-10
6	1.44978604935641E-08	1.0E+10	1.0E+10	1E-30	6.47379304378299E-12	1.0E+10	1E-30	1.0E+10	5.02784896128005E-03	1E-30	1.37662504897958E-10	0.337614978689945	1E-30	2.54982800437079E-11	2.40766467176348E-03	2.54954021768868E-08	1.11397793054515E-10	0.634232337978574	1.40647063774932E-08	7.28193728374755E-11	0.528280567303331	4.3288259735829E-08	1.11703249930982E-11	0.12352810199839	1.7451665800705E-08	1.61156526850731E-11	0.131584876081642	2.03303535932931E-12	6.00980149505434E-10	360.924255573053	1.0E+10	1E-30	1.0E-10	1.0E+10	1E-30	1.0E-10	1.0E+10	1E-30	1.0E-10	1.0E+10	1E-30	1.0E-10	1.0E+10	1E-30	1.0E-10	1.0E+10	1E-30	1.0E-10	1.0E+10	1E-30	1.0E-10	1.0E+10	1E-30	1.0E-10
7	1.44978604935641E-08	1.0E+10	1.0E+10	1E-30	6.47379304378299E-12	1.0E+10	1E-30	1.0E+10	5.02784896128005E-03	1E-30	1.37662504897958E-10	0.337614978689945	1E-30	2.54982800437079E-11	2.40766467176348E-03	2.54954021768868E-08	1.11397793054515E-10	0.634232337978574	1.40647063774932E-08	7.28193728374755E-11	0.528280567303331	4.3288259735829E-08	1.11703249930982E-11	0.12352810199839	1.7451665800705E-08	1.61156526850731E-11	0.131584876081642	2.03303535932931E-12	6.00980149505434E-10	360.924255573053	1.0E+10	1E-30	1.0E-10	1.0E+10	1E-30	1.0E-10	1.0E+10	1E-30	1.0E-10	1.0E+10	1E-30	1.0E-10	1.0E+10	1E-30	1.0E-10	1.0E+10	1E-30	1.0E-10	1.0E+10	1E-30	1.0E-10	1.0E+10	1E-30	1.0E-10
8	1.76817314746861E-08	1.0E+10	1.0E+10	1E-30	1.05278935099977E-11	1.0E+10	1E-30	1.0E+10	4.45454801918729E-03	1E-30	1.65811858134193E-10	0.346115959222427	1E-30	3.29607921207254E-11	1.96373442667818E-03	2.73232203331592E-08	1.43485022382497E-10	0.766562147452032	1.97721244645218E-08	7.31685196730647E-11	0.6297930304033	4.59111419864892E-08	1.45384410587876E-11	0.147478034622973	2.40388025462138E-08	1.65261601334573E-11	0.157469386025992	1.86434830018521E-12	4.74764249464272E-10	204.335040500687	1.0E+10	1E-30	1.0E-10	1.0E+10	1E-30	1.0E-10	1.0E+10	1E-30	1.0E-10	1.0E+10	1E-30	1.0E-10	1.0E+10	1E-30	1.0E-10	1.0E+10	1E-30	1.0E-10	1.0E+10	1E-30	1.0E-10	1.0E+10	1E-30	1.0E-10
9	1.76817314746861E-08	1.0E+10	1.0E+10	1E-30	1.05278935099977E-11	1.0E+10	1E-30	1.0E+10	4.45454801918729E-03	1E-30	1.65811858134193E-10	0.346115959222427	1E-30	3.29607921207254E-11	1.96373442667818E-03	2.73232203331592E-08	1.43485022382497E-10	0.766562147452032	1.97721244645218E-08	7.31685196730647E-11	0.6297930304033	4.59111419864892E-08	1.45384410587876E-11	0.147478034622973	2.40388025462138E-08	1.65261601334573E-11	0.157469386025992	1.86434830018521E-12	4.74764249464272E-10	204.335040500687	1.0E+10	1E-30	1.0E-10	1.0E+10	1E-30	1.0E-10	1.0E+10	1E-30	1.0E-10	1.0E+10	1E-30	1.0E-10	1.0E+10	1E-30	1.0E-10	1.0E+10	1E-30	1.0E-10	1.0E+10	1E-30	1.0E-10	1.0E+10	1E-30	1.0E-10
10	2.11764378424376E-08	1.0E+10	1.0E+10	1E-30	4.68074191174324E-11	1.0E+10	1E-30	1.0E+10	3.69902654981188E-03	1E-30	1.91632571773555E-10	0.296534594582481	1E-30	2.56994870068471E-11	1.53112119388603E-03	3.53703954693077E-08	1.46116256977578E-10	0.817408856312896	2.38050348586217E-08	8.19801639433858E-11	0.558604885828737	3.98338758109304E-08	2.36691886177341E-11	0.21846981321038	2.65814204551972E-08	2.16026287317159E-11	0.192101510330017	2.41347672497573E-12	3.34473677010668E-10	255.992230476375	1.0E+10	1E-30	1.0E-10	1.0E+10	1E-30	1.0E-10	1.0E+10	1E-30	1.0E-10	1.0E+10	1E-30	1.0E-10	1.0E+10	1E-30	1.0E-10	1.0E+10	1E-30	1.0E-10	1.0E+10	1E-30	1.0E-10	1.0E+10	1E-30	1.0E-10
11	2.11764378424376E-08	1.0E+10	1.0E+10	1E-30	4.68074191174324E-11	1.0E+10	1E-30	1.0E+10	3.69902654981188E-03	1E-30	1.91632571773555E-10	0.296534594582481	1E-30	2.56994870068471E-11	1.53112119388603E-03	3.53703954693077E-08	1.46116256977578E-10	0.817408856312896	2.38050348586217E-08	8.19801639433858E-11	0.558604885828737	3.98338758109304E-08	2.36691886177341E-11	0.21846981321038	2.65814204551972E-08	2.16026287317159E-11	0.192101510330017	2.41347672497573E-12	3.34473677010668E-10	255.992230476375	1.0E+10	1E-30	1.0E-10	1.0E+10	1E-30	1.0E-10	1.0E+10	1E-30	1.0E-10	1.0E+10	1E-30	1.0E-10	1.0E+10	1E-30	1.0E-10	1.0E+10	1E-30	1.0E-10	1.0E+10	1E-30	1.0E-10	1.0E+10	1E-30	1.0E-10
12	3.24287726582438E-08	1.0E+10	3030303030.30303	1E-30	0.000000000001	1.0E+10	1E-30	1.0E+10	0.023	2.35819334196734E-06	1.0E+10	1.12483668648305	4.2122009616469E-06	1.0E+10	9.44606777674185E-02	4.59599741557466E-06	1.0E+10	2.66377171768166E-02	1.14019779346634E-06	1.0E+10	1.99407686736332E-02	1E-30	1.54346961778379E-10	0.215509013878604	6.3928911655976E-13	2.71387660098759E-10	19.6028447195611	0.000000000004	0.0000000003	28.2505838493225	0.00000000002	1.56636455731952E-10	14.7077286847933	2.54482091312136E-08	5.22666740974053E-11	9.90708478077188E-02	9.97625939064048E-08	4.28243796290749E-11	8.31286638564227E-02	1.0E+10	1E-30	1.0E-10	1.0E+10	1E-30	1.0E-10	1.0E+10	1E-30	1.0E-10	1.0E+10	1E-30	1.0E-10	1.0E+10	1E-30	1.0E-10
13	4.87658288223705E-08	1.0E+10	2127659574.46808	1E-30	0.000000000002	1.0E+10	1E-30	1.0E+10	0.0165	3.88801310050026E-06	1.0E+10	0.584782505973909	5.01571903777127E-06	1.0E+10	7.93280793308827E-02	4.39134956375023E-06	1.0E+10	1.81214158405527E-02	1.74633763464331E-06	1.0E+10	9.11364102419993E-03	1.62834221695761E-12	4.46879628490484E-10	65.4119014532394	2.76920603898011E-11	7.17000430202689E-11	6.38590351055246	3.64823082227612E-10	2.29526363561195E-10	0.290727252725907	4.00688407866196E-08	6.85947723261549E-11	0.112841977910145	9.75093353408358E-08	8.5875383227869E-11	0.128169717135346	1.0E+10	1E-30	1.0E-10	1.0E+10	1E-30	1.0E-10	1.0E+10	1E-30	1.0E-10	1.0E+10	1E-30	1.0E-10	1.0E+10	1E-30	1.0E-10	1.0E+10	1E-30	1.0E-10
14	6.5158978255407E-08	1.0E+10	1470588235.29412	1E-30	0.000000000001	1.0E+10	1E-30	1.0E+10	0.013	5.39785260963332E-06	1.0E+10	0.421212324343992	7.01792131831353E-06	1.0E+10	0.056695898925432	3.64488673219127E-06	1.0E+10	1.61723201707787E-02	2.74174930188756E-06	1.0E+10	3.86991237023568E-03	1E-30	1.37818995089503E-10	0.115458971332883	1.87531023615668E-12	3.88028045141323E-10	81.1133464959534	1.7688998695728E-11	0.000000000127	7.44795609408387	4.42733117276403E-08	6.9090044021115E-11	8.35736583691085E-02	1.29432992985351E-07	6.96696341943629E-11	8.16205909581867E-02	1.0E+10	1E-30	1.0E-10	1.0E+10	1E-30	1.0E-10	1.0E+10	1E-30	1.0E-10	1.0E+10	1E-30	1.0E-10	1.0E+10	1E-30	1.0E-10	1.0E+10	1E-30	1.0E-10
15	9.48773314458252E-08	1.0E+10	1000000000	1E-30	0.000000000001	1.0E+10	1E-30	1.0E+10	0.004	8.01682756219715E-06	1.0E+10	0.283608700141082	1.04959386438243E-05	1.0E+10	3.79086969952755E-02	8.25395395323372E-07	1.0E+10	1.13425099401312E-02	8.54506174331179E-06	1.0E+10	9.80282671305606E-03	1E-30	2.2564537438944E-10	0.125241018328969	1.31965277985891E-11	1.24123622274656E-11	1.0E+10	1.87614792129091E-12	4.08354642535081E-10	66.8009341683897	1.61695821584113E-11	1.24303901458197E-10	10.1964470675772	1.00958131259678E-07	6.32146679747806E-11	7.20272292892384E-02	1.41534136440018E-07	1.23940108103878E-10	0.104530858935688	1.0E+10	1E-30	1.0E-10	1.0E+10	1E-30	1.0E-10	1.0E+10	1E-30	1.0E-10	1.0E+10	1E-30	1.0E-10	1.0E+10	1E-30	1.0E-10
16	1.46755784816294E-07	1.0E+10	666666666.666667	1E-30	0.000000000001	1.0E+10	1E-30	1.0E+10	0.009	1.40569289667616E-05	1.0E+10	0.161745289426025	1.97303953398663E-05	1.0E+10	2.68882841846077E-02	1.12954324156733E-06	1.0E+10	8.80637728347699E-03	1.6255497316768E-05	1.0E+10	6.99345581332849E-03	1E-30	1.47822569064225E-10	9.83431687779401E-02	1.71282613469338E-12	4.88879248808757E-10	68.1088254116528	2.73194325849457E-11	1.22603593828714E-10	7.75683270637374	1.20856861420593E-07	4.96069171392197E-11	3.81706648845739E-02	2.71694674649731E-07	6.8101344957976E-11	3.74703213379676E-02	1.0E+10	1E-30	1.0E-10	1.0E+10	1E-30	1.0E-10	1.0E+10	1E-30	1.0E-10	1.0E+10	1E-30	1.0E-10	1.0E+10	1E-30	1.0E-10	1.0E+10	1E-30	1.0E-10
17	1.46755784816294E-07	1.0E+10	666666666.666667	1E-30	0.000000000001	1.0E+10	1E-30	1.0E+10	0.009	1.40569289667616E-05	1.0E+10	0.161745289426025	1.97303953398663E-05	1.0E+10	2.68882841846077E-02	1.12954324156733E-06	1.0E+10	8.80637728347699E-03	1.6255497316768E-05	1.0E+10	6.99345581332849E-03	1E-30	1.47822569064225E-10	9.83431687779401E-02	1.71282613469338E-12	4.88879248808757E-10	68.1088254116528	2.73194325849457E-11	1.22603593828714E-10	7.75683270637374	1.20856861420593E-07	4.96069171392197E-11	3.81706648845739E-02	2.71694674649731E-07	6.8101344957976E-11	3.74703213379676E-02	1.0E+10	1E-30	1.0E-10	1.0E+10	1E-30	1.0E-10	1.0E+10	1E-30	1.0E-10	1.0E+10	1E-30	1.0E-10	1.0E+10	1E-30	1.0E-10	1.0E+10	1E-30	1.0E-10
18	2.10910953914188E-07	1.0E+10	454545454.545455	1E-30	0.000000000005	1.0E+10	1E-30	1.0E+10	0.011	1.71114327416066E-05	1.0E+10	0.116263600990661	2.01608664763943E-05	1.0E+10	1.31570852273177E-02	1.06011834537617E-05	1.0E+10	3.75323528231702E-03	1E-30	1.72912315796227E-10	7.67720000585895E-02	5.06738475284028E-12	5.9508238766289E-11	6.2815416967377	2.39321622512341E-12	4.11758341601632E-10	54.8610244838776	1.39391402654051E-11	1.83139982105615E-10	10.4335480243372	1.60095528427305E-07	6.86718245820127E-11	3.22468672196303E-02	4.1578330550238E-07	8.3569092751854E-11	3.43723860205777E-02	1.0E+10	1E-30	1.0E-10	1.0E+10	1E-30	1.0E-10	1.0E+10	1E-30	1.0E-10	1.0E+10	1E-30	1.0E-10	1.0E+10	1E-30	1.0E-10	1.0E+10	1E-30	1.0E-10
19	2.10910953914188E-07	1.0E+10	454545454.545455	1E-30	0.000000000005	1.0E+10	1E-30	1.0E+10	0.011	1.71114327416066E-05	1.0E+10	0.116263600990661	2.01608664763943E-05	1.0E+10	1.31570852273177E-02	1.06011834537617E-05	1.0E+10	3.75323528231702E-03	1E-30	1.72912315796227E-10	7.67720000585895E-02	5.06738475284028E-12	5.9508238766289E-11	6.2815416967377	2.39321622512341E-12	4.11758341601632E-10	54.8610244838776	1.39391402654051E-11	1.83139982105615E-10	10.4335480243372	1.60095528427305E-07	6.86718245820127E-11	3.22468672196303E-02	4.1578330550238E-07	8.3569092751854E-11	3.43723860205777E-02	1.0E+10	1E-30	1.0E-10	1.0E+10	1E-30	1.0E-10	1.0E+10	1E-30	1.0E-10	1.0E+10	1E-30	1.0E-10	1.0E+10	1E-30	1.0E-10	1.0E+10	1E-30	1.0E-10
20	3.1328867935752E-07	1.0E+10	303030303.030303	1E-30	0.000000000005	1.0E+10	1E-30	1.0E+10	0.0093	2.46577900877933E-05	1.0E+10	8.06818770686815E-02	2.86427379349569E-05	1.0E+10	9.26092467447948E-03	1.55651900652831E-05	1.0E+10	1.79386950776534E-03	1E-30	1.21355708918998E-10	5.60010672524199E-02	1.45862087242515E-12	1.98241115688614E-10	23.2155966567503	3.76051374102254E-12	3.47926677932281E-10	29.9594098365587	1.7214166301282E-11	2.01849064393046E-10	14.5028698063975	3.0351958887804E-08	5.96108757739207E-13	4.03357423334714E-03	1.96081257757613E-07	7.32327931023069E-11	2.81832815894784E-02	6.72368971109971E-07	7.12158936034892E-11	2.67705188020462E-02	1.0E+10	1E-30	1.0E-10	1.0E+10	1E-30	1.0E-10	1.0E+10	1E-30	1.0E-10	1.0E+10	1E-30	1.0E-10	1.0E+10	1E-30	1.0E-10
21	3.1328867935752E-07	1.0E+10	303030303.030303	1E-30	0.000000000005	1.0E+10	1E-30	1.0E+10	0.0093	2.46577900877933E-05	1.0E+10	8.06818770686815E-02	2.86427379349569E-05	1.0E+10	9.26092467447948E-03	1.55651900652831E-05	1.0E+10	1.79386950776534E-03	1E-30	1.21355708918998E-10	5.60010672524199E-02	1.45862087242515E-12	1.98241115688614E-10	23.2155966567503	3.76051374102254E-12	3.47926677932281E-10	29.9594098365587	1.7214166301282E-11	2.01849064393046E-10	14.5028698063975	3.0351958887804E-08	5.96108757739207E-13	4.03357423334714E-03	1.96081257757613E-07	7.32327931023069E-11	2.81832815894784E-02	6.72368971109971E-07	7.12158936034892E-11	2.67705188020462E-02	1.0E+10	1E-30	1.0E-10	1.0E+10	1E-30	1.0E-10	1.0E+10	1E-30	1.0E-10	1.0E+10	1E-30	1.0E-10	1.0E+10	1E-30	1.0E-10
22	4.42346674679846E-07	1.0E+10	212765957.446808	1E-30	0.000000000001	1.0E+10	1E-30	1.0E+10	0.0065	3.51763551441648E-05	1.0E+10	5.65560809383262E-02	3.16542247244187E-05	1.0E+10	7.18274436971441E-03	1.74783042212917E-05	1.0E+10	1.89705359232849E-03	1.7990372696318E-12	4.654518103676E-10	84.254027882934	2.23027219805423E-11	1.10912995829663E-10	7.32935023960611	2.78967788417062E-09	2.11162963446761E-10	5.96148059164214E-02	2.5367177875398E-07	1.10949563929532E-10	2.87048040555301E-02	1.15620628146855E-06	7.58066135259707E-11	2.53455807584709E-02	1.0E+10	1E-30	1.0E-10	1.0E+10	1E-30	1.0E-10	1.0E+10	1E-30	1.0E-10	1.0E+10	1E-30	1.0E-10	1.0E+10	1E-30	1.0E-10	1.0E+10	1E-30	1.0E-10	1.0E+10	1E-30	1.0E-10
23	4.42346674679846E-07	1.0E+10	212765957.446808	1E-30	0.000000000001	1.0E+10	1E-30	1.0E+10	0.0065	3.51763551441648E-05	1.0E+10	5.65560809383262E-02	3.16542247244187E-05	1.0E+10	7.18274436971441E-03	1.74783042212917E-05	1.0E+10	1.89705359232849E-03	1.7990372696318E-12	4.654518103676E-10	84.254027882934	2.23027219805423E-11	1.10912995829663E-10	7.32935023960611	2.78967788417062E-09	2.11162963446761E-10	5.96148059164214E-02	2.5367177875398E-07	1.10949563929532E-10	2.87048040555301E-02	1.15620628146855E-06	7.58066135259707E-11	2.53455807584709E-02	1.0E+10	1E-30	1.0E-10	1.0E+10	1E-30	1.0E-10	1.0E+10	1E-30	1.0E-10	1.0E+10	1E-30	1.0E-10	1.0E+10	1E-30	1.0E-10	1.0E+10	1E-30	1.0E-10	1.0E+10	1E-30	1.0E-10
END DSCRDATA
