BEGIN DSCRDATA
% INDEX	K01	L01	M01	K02	L02	M02	K03	L03	M03	K04	L04	M04	K05	L05	M05	K06	L06	M06	K07	L07	M07	K08	L08	M08	K09	L09	M09	K10	L10	M10	K11	L11	M11	K12	L12	M12	K13	L13	M13	K14	L14	M14	K15	L15	M15	K16	L16	M16	K17	L17	M17	K18	L18	M18
0	9.53337924305665E-09	1.0E+10	1.0E+10	1E-30	2.72698702876705E-11	1.0E+10	1E-30	1.0E+10	0.0345	4.75299380038633E-07	1.0E+10	4.38151250338212	9.60220917465107E-07	1.0E+10	0.338321817698553	9.79329517542703E-07	1.0E+10	8.63676114137989E-02	5.78644321587299E-07	1.0E+10	3.99913058005892E-02	1E-30	1.57082579243144E-11	0.106603168546574	3.3775233060054E-08	8.69049286340119E-12	4.20454051333404E-02	4.34130747875757E-09	2.00052528660098E-11	6.53861079350061E-02	3.15894557603387E-11	6.06527604061336E-11	3.84747908137949	9.49896025879619E-12	5.44664044019667E-11	5.84679999660989	1.0E+10	1E-30	1.0E-10	1.0E+10	1E-30	1.0E-10	1.0E+10	1E-30	1.0E-10	1.0E+10	1E-30	1.0E-10	1.0E+10	1E-30	1.0E-10	1.0E+10	1E-30	1.0E-10
1	1.01699526552831E-08	1.0E+10	1.0E+10	1E-30	3.99277171982559E-12	1.0E+10	1E-30	1.0E+10	2.30368280571198E-02	5.34932416899472E-07	1.0E+10	3.6211309580994	9.87148770768841E-07	1.0E+10	0.23635003476509	7.99495469852831E-07	1.0E+10	7.14813338433031E-02	4.91632950846907E-07	1.0E+10	2.02472973412492E-02	1E-30	1.97037297375676E-11	0.142939891804594	1.36480504893263E-08	1.75361814369628E-11	0.120052248445476	3.40399187988691E-09	1.79587780584748E-11	9.56605071490996E-02	8.77684722579912E-12	5.59792815588882E-11	5.96563951197442	7.36732677262412E-12	3.57000558078341E-11	100000	1.0E+10	1E-30	1.0E-10	1.0E+10	1E-30	1.0E-10	1.0E+10	1E-30	1.0E-10	1.0E+10	1E-30	1.0E-10	1.0E+10	1E-30	1.0E-10	1.0E+10	1E-30	1.0E-10
2	2.34741571870369E-08	1.0E+10	1.0E+10	1E-30	1.01318656532746E-11	1.0E+10	1E-30	1.0E+10	1.61167400799904E-02	1.39793848393804E-06	1.0E+10	1.73058563268638	1.88684032995654E-06	1.0E+10	0.163036656739608	2.52014094789987E-06	1.0E+10	3.49456729778316E-02	1.44477483345712E-06	1.0E+10	1.57045114027355E-02	1E-30	1.88296079851909E-11	8.86911821359679E-02	3.09942571757018E-08	1.3030494564979E-11	5.25007687328808E-02	9.1244673013645E-09	1.06091735633652E-11	0.041891535042813	8.25983813274232E-12	4.88552699101419E-11	6.00953897017446	6.1221578916505E-12	3.41251290322472E-11	100000	1.0E+10	1E-30	1.0E-10	1.0E+10	1E-30	1.0E-10	1.0E+10	1E-30	1.0E-10	1.0E+10	1E-30	1.0E-10	1.0E+10	1E-30	1.0E-10	1.0E+10	1E-30	1.0E-10
3	2.34741571870369E-08	1.0E+10	1.0E+10	1E-30	1.01318656532746E-11	1.0E+10	1E-30	1.0E+10	1.61167400799904E-02	1.39793848393804E-06	1.0E+10	1.73058563268638	1.88684032995654E-06	1.0E+10	0.163036656739608	2.52014094789987E-06	1.0E+10	3.49456729778316E-02	1.44477483345712E-06	1.0E+10	1.57045114027355E-02	1E-30	1.88296079851909E-11	8.86911821359679E-02	3.09942571757018E-08	1.3030494564979E-11	5.25007687328808E-02	9.1244673013645E-09	1.06091735633652E-11	0.041891535042813	8.25983813274232E-12	4.88552699101419E-11	6.00953897017446	6.1221578916505E-12	3.41251290322472E-11	100000	1.0E+10	1E-30	1.0E-10	1.0E+10	1E-30	1.0E-10	1.0E+10	1E-30	1.0E-10	1.0E+10	1E-30	1.0E-10	1.0E+10	1E-30	1.0E-10	1.0E+10	1E-30	1.0E-10
4	2.34741571870369E-08	1.0E+10	1.0E+10	1E-30	1.01318656532746E-11	1.0E+10	1E-30	1.0E+10	1.61167400799904E-02	1.39793848393804E-06	1.0E+10	1.73058563268638	1.88684032995654E-06	1.0E+10	0.163036656739608	2.52014094789987E-06	1.0E+10	3.49456729778316E-02	1.44477483345712E-06	1.0E+10	1.57045114027355E-02	1E-30	1.88296079851909E-11	8.86911821359679E-02	3.09942571757018E-08	1.3030494564979E-11	5.25007687328808E-02	9.1244673013645E-09	1.06091735633652E-11	0.041891535042813	8.25983813274232E-12	4.88552699101419E-11	6.00953897017446	6.1221578916505E-12	3.41251290322472E-11	100000	1.0E+10	1E-30	1.0E-10	1.0E+10	1E-30	1.0E-10	1.0E+10	1E-30	1.0E-10	1.0E+10	1E-30	1.0E-10	1.0E+10	1E-30	1.0E-10	1.0E+10	1E-30	1.0E-10
5	2.07624505286062E-08	1.0E+10	1.0E+10	1E-30	2.59955497407103E-11	1.0E+10	1E-30	1.0E+10	2.26861821530004E-02	1.4917209162385E-06	1.0E+10	1.43553512367581	2.35983954874378E-06	1.0E+10	0.198837181112756	1.59521748859779E-06	1.0E+10	5.52075325482823E-02	2.14689785455236E-06	1.0E+10	1.14964762852652E-02	1E-30	1.99855935343734E-11	0.160155778821089	3.15985418725699E-08	1.29023640841611E-11	3.57353168095036E-02	1.19350150284755E-08	8.70952352980744E-12	3.34398264840227E-02	8.73615643777884E-12	9.23320477863442E-11	9.99208515992212	1.80580165279717E-11	2.16076710419774E-11	2.75982408847195	1.0E+10	1E-30	1.0E-10	1.0E+10	1E-30	1.0E-10	1.0E+10	1E-30	1.0E-10	1.0E+10	1E-30	1.0E-10	1.0E+10	1E-30	1.0E-10	1.0E+10	1E-30	1.0E-10
6	2.07624505286062E-08	1.0E+10	1.0E+10	1E-30	2.59955497407103E-11	1.0E+10	1E-30	1.0E+10	2.26861821530004E-02	1.4917209162385E-06	1.0E+10	1.43553512367581	2.35983954874378E-06	1.0E+10	0.198837181112756	1.59521748859779E-06	1.0E+10	5.52075325482823E-02	2.14689785455236E-06	1.0E+10	1.14964762852652E-02	1E-30	1.99855935343734E-11	0.160155778821089	3.15985418725699E-08	1.29023640841611E-11	3.57353168095036E-02	1.19350150284755E-08	8.70952352980744E-12	3.34398264840227E-02	8.73615643777884E-12	9.23320477863442E-11	9.99208515992212	1.80580165279717E-11	2.16076710419774E-11	2.75982408847195	1.0E+10	1E-30	1.0E-10	1.0E+10	1E-30	1.0E-10	1.0E+10	1E-30	1.0E-10	1.0E+10	1E-30	1.0E-10	1.0E+10	1E-30	1.0E-10	1.0E+10	1E-30	1.0E-10
7	4.80009726143796E-08	1.0E+10	1.0E+10	1E-30	2.80387240591729E-11	1.0E+10	1E-30	1.0E+10	1.23658538394994E-02	3.0701452049891E-06	1.0E+10	0.582435179967881	4.83889552038826E-06	1.0E+10	5.71419323647401E-02	4.41291308186502E-06	1.0E+10	1.87733334943768E-02	4.30058239155071E-06	1.0E+10	5.73600144176402E-03	1E-30	2.22823312022443E-11	8.52960540000208E-02	6.05273412247656E-08	1.61840602067453E-11	2.93694965787883E-02	2.02156869747222E-08	9.58900908444795E-12	1.89678510159665E-02	6.79443434757799E-12	6.8575542987305E-11	9.63983731673301	1.0E+10	1E-30	1.0E-10	1.0E+10	1E-30	1.0E-10	1.0E+10	1E-30	1.0E-10	1.0E+10	1E-30	1.0E-10	1.0E+10	1E-30	1.0E-10	1.0E+10	1E-30	1.0E-10	1.0E+10	1E-30	1.0E-10
8	4.80009726143796E-08	1.0E+10	1.0E+10	1E-30	2.80387240591729E-11	1.0E+10	1E-30	1.0E+10	1.23658538394994E-02	3.0701452049891E-06	1.0E+10	0.582435179967881	4.83889552038826E-06	1.0E+10	5.71419323647401E-02	4.41291308186502E-06	1.0E+10	1.87733334943768E-02	4.30058239155071E-06	1.0E+10	5.73600144176402E-03	1E-30	2.22823312022443E-11	8.52960540000208E-02	6.05273412247656E-08	1.61840602067453E-11	2.93694965787883E-02	2.02156869747222E-08	9.58900908444795E-12	1.89678510159665E-02	6.79443434757799E-12	6.8575542987305E-11	9.63983731673301	1.0E+10	1E-30	1.0E-10	1.0E+10	1E-30	1.0E-10	1.0E+10	1E-30	1.0E-10	1.0E+10	1E-30	1.0E-10	1.0E+10	1E-30	1.0E-10	1.0E+10	1E-30	1.0E-10	1.0E+10	1E-30	1.0E-10
9	4.695961067257E-08	1.0E+10	1.0E+10	1E-30	8.73745582985992E-12	1.0E+10	1E-30	1.0E+10	1.26411537717596E-02	3.20237514033469E-06	1.0E+10	0.694497909083078	4.06832783268474E-06	1.0E+10	0.069673951692267	3.15893217704596E-06	1.0E+10	1.57541692064835E-02	3.22205643664953E-06	1.0E+10	3.10598264552739E-03	1E-30	3.25585929965095E-11	0.162278559356621	6.81346150816254E-08	1.86813594748879E-11	4.65373336751083E-02	1.9826740270562E-08	1.68736666076264E-11	3.43936348245433E-02	8.19061671060551E-12	5.79766708325328E-11	5.90298036734453	8.69959597150569E-12	2.88721911704592E-11	100000	1.0E+10	1E-30	1.0E-10	1.0E+10	1E-30	1.0E-10	1.0E+10	1E-30	1.0E-10	1.0E+10	1E-30	1.0E-10	1.0E+10	1E-30	1.0E-10	1.0E+10	1E-30	1.0E-10
10	4.695961067257E-08	1.0E+10	1.0E+10	1E-30	8.73745582985992E-12	1.0E+10	1E-30	1.0E+10	1.26411537717596E-02	3.20237514033469E-06	1.0E+10	0.694497909083078	4.06832783268474E-06	1.0E+10	0.069673951692267	3.15893217704596E-06	1.0E+10	1.57541692064835E-02	3.22205643664953E-06	1.0E+10	3.10598264552739E-03	1E-30	3.25585929965095E-11	0.162278559356621	6.81346150816254E-08	1.86813594748879E-11	4.65373336751083E-02	1.9826740270562E-08	1.68736666076264E-11	3.43936348245433E-02	8.19061671060551E-12	5.79766708325328E-11	5.90298036734453	8.69959597150569E-12	2.88721911704592E-11	100000	1.0E+10	1E-30	1.0E-10	1.0E+10	1E-30	1.0E-10	1.0E+10	1E-30	1.0E-10	1.0E+10	1E-30	1.0E-10	1.0E+10	1E-30	1.0E-10	1.0E+10	1E-30	1.0E-10
11	9.73591236246142E-08	1.0E+10	5000000000	1E-30	2.58656335644292E-11	1.0E+10	1E-30	1.0E+10	0.0085	6.03831480970691E-06	1.0E+10	0.311003590745577	1.13360816183265E-05	1.0E+10	3.46497033527595E-02	9.93661884173756E-06	1.0E+10	1.07162076992783E-02	8.74542913534692E-06	1.0E+10	4.23908398604692E-03	1E-30	3.38258212524519E-11	4.90997919827729E-02	1.48848944235191E-07	1.15809595940098E-11	1.62347876445573E-02	6.66128896504283E-12	8.46852132787538E-11	11.626186136046	1.0E+10	1E-30	1.0E-10	1.0E+10	1E-30	1.0E-10	1.0E+10	1E-30	1.0E-10	1.0E+10	1E-30	1.0E-10	1.0E+10	1E-30	1.0E-10	1.0E+10	1E-30	1.0E-10	1.0E+10	1E-30	1.0E-10	1.0E+10	1E-30	1.0E-10
12	9.57620338657757E-08	1.0E+10	5000000000	1E-30	3.66278621215753E-11	1.0E+10	1E-30	1.0E+10	6.6514044498249E-03	6.95099602162043E-06	1.0E+10	0.295112503009039	1.01315688268347E-05	1.0E+10	4.06687363237709E-02	1.35305203377254E-05	1.0E+10	8.77355679495488E-03	7.06688897176182E-06	1.0E+10	4.70877843790625E-03	1E-30	3.17591205919307E-11	5.92195954405086E-02	1.04541506059295E-07	2.34990802029866E-11	3.41857324883764E-02	6.13198653341982E-08	1.07964041269519E-11	2.25236539613948E-02	8.95652612892439E-12	5.40484471258245E-11	8.18166410552597	1.0E+10	1E-30	1.0E-10	1.0E+10	1E-30	1.0E-10	1.0E+10	1E-30	1.0E-10	1.0E+10	1E-30	1.0E-10	1.0E+10	1E-30	1.0E-10	1.0E+10	1E-30	1.0E-10	1.0E+10	1E-30	1.0E-10
13	9.70393606580087E-08	1.0E+10	5000000000	1E-30	1.00830609310097E-11	1.0E+10	1E-30	1.0E+10	0.011	5.60103570016959E-06	1.0E+10	0.401006329338297	1.00009399974495E-05	1.0E+10	3.06795924247122E-02	7.80389090930493E-06	1.0E+10	8.02627611295963E-03	1E-30	3.4069614479531E-11	5.76192658464018E-02	1.00899343029816E-07	1.75709802557322E-11	0.015467569261002	1.09026290641258E-11	9.23688554980383E-11	11.6829571264662	6.65304328841649E-12	5.31963288856163E-11	7.2836418063568	1.0E+10	1E-30	1.0E-10	1.0E+10	1E-30	1.0E-10	1.0E+10	1E-30	1.0E-10	1.0E+10	1E-30	1.0E-10	1.0E+10	1E-30	1.0E-10	1.0E+10	1E-30	1.0E-10	1.0E+10	1E-30	1.0E-10	1.0E+10	1E-30	1.0E-10
14	1.01532274341796E-07	1.0E+10	5000000000	1E-30	5.55297516620228E-12	1.0E+10	1E-30	1.0E+10	6.50770703495139E-03	7.01349319746587E-06	1.0E+10	0.225650125796491	1.04724403372442E-05	1.0E+10	2.98605137900512E-02	6.17316053037002E-06	1.0E+10	9.22774233514698E-03	1E-30	7.67433077801001E-12	8.36605390712154E-02	1E-30	4.04539366364778E-11	6.72291712640449E-02	1.22281964523146E-07	2.98680211933364E-11	4.56604858502657E-02	6.40855867167989E-08	1.57735513978622E-11	2.96043649642106E-02	1.04922589476813E-11	4.98975823004206E-11	5.49369102361674	7.080450342107E-12	3.71465039975076E-11	100000	1.0E+10	1E-30	1.0E-10	1.0E+10	1E-30	1.0E-10	1.0E+10	1E-30	1.0E-10	1.0E+10	1E-30	1.0E-10	1.0E+10	1E-30	1.0E-10	1.0E+10	1E-30	1.0E-10
15	1.00010621745269E-07	1.0E+10	5000000000	1E-30	9.00340568488084E-12	1.0E+10	1E-30	1.0E+10	4.75508222689288E-03	8.57252033036334E-06	1.0E+10	0.25831237375718	2.17531780281666E-05	1.0E+10	4.09936046857474E-02	7.94065651912387E-06	1.0E+10	2.40861719653647E-02	6.19624421075919E-06	1.0E+10	4.7525272960904E-03	1E-30	6.41181595946328E-11	7.73307292520672E-02	1.09395644955602E-07	5.41854768890635E-11	0.10701759306293	7.93164838147697E-08	2.4433962203022E-11	5.68196587184553E-02	9.87477220337509E-12	4.34534622533928E-11	7.67068474022723	6.62802797698714E-12	4.45240329231485E-11	100000	1.0E+10	1E-30	1.0E-10	1.0E+10	1E-30	1.0E-10	1.0E+10	1E-30	1.0E-10	1.0E+10	1E-30	1.0E-10	1.0E+10	1E-30	1.0E-10	1.0E+10	1E-30	1.0E-10
16	2.1197729770716E-07	1.0E+10	2272727272.72727	1E-30	4.43732516450463E-11	1.0E+10	1E-30	1.0E+10	0.0044	1.25756275669014E-05	1.0E+10	0.203270276936621	2.84371623222341E-05	1.0E+10	1.18406203909558E-02	2.1334428687217E-05	1.0E+10	6.45718330111583E-03	9.72186967815831E-06	1.0E+10	1.9077844613978E-03	1E-30	2.60600919825421E-11	4.30883420010543E-02	2.89673528832652E-07	1.93292127386309E-11	2.34257023650769E-02	6.30767214422958E-08	2.21113846057173E-11	1.88202573072373E-02	9.15788038199419E-12	4.59091648127722E-11	5.36888037576038	1.0E+10	1E-30	1.0E-10	1.0E+10	1E-30	1.0E-10	1.0E+10	1E-30	1.0E-10	1.0E+10	1E-30	1.0E-10	1.0E+10	1E-30	1.0E-10	1.0E+10	1E-30	1.0E-10	1.0E+10	1E-30	1.0E-10
17	2.21827909898614E-07	1.0E+10	2272727272.72727	1E-30	3.765533369623E-12	1.0E+10	1E-30	1.0E+10	4.60481846526339E-03	1.77972013624405E-05	1.0E+10	0.116118661193848	2.09871703947162E-05	1.0E+10	1.87158086521551E-02	1.39396910068788E-05	1.0E+10	4.22429417238795E-03	1E-30	3.49535613403932E-11	4.47718468878413E-02	3.20538507479391E-07	2.54688621734812E-11	2.63038808902073E-02	7.78826085442582E-08	2.76064078317158E-11	2.26136600342144E-02	1.09726054419718E-11	6.34725538011939E-11	10.4544616789197	3.5390583701002E-12	6.42768499131811E-11	12.0426956955756	1.0E+10	1E-30	1.0E-10	1.0E+10	1E-30	1.0E-10	1.0E+10	1E-30	1.0E-10	1.0E+10	1E-30	1.0E-10	1.0E+10	1E-30	1.0E-10	1.0E+10	1E-30	1.0E-10	1.0E+10	1E-30	1.0E-10
18	2.12364436843172E-07	1.0E+10	2272727272.72727	1E-30	6.23911948738273E-12	1.0E+10	1E-30	1.0E+10	4.54068374530862E-03	1.61116029881824E-05	1.0E+10	0.113571082083366	2.51501840861335E-05	1.0E+10	1.20766148722545E-02	1.14115155472772E-05	1.0E+10	4.43883420962737E-03	1E-30	2.75411031506924E-11	0.336101574793242	1E-30	5.15412723961876E-11	5.80432197245252E-02	2.62590703728452E-07	5.07172639801254E-11	5.35739968432706E-02	1.3680435585918E-07	2.95690244864723E-11	3.13403269050632E-02	7.34951393246722E-12	6.03417249366687E-11	4.97208295333009	7.91883540455761E-12	3.32137193792229E-11	100000	1.0E+10	1E-30	1.0E-10	1.0E+10	1E-30	1.0E-10	1.0E+10	1E-30	1.0E-10	1.0E+10	1E-30	1.0E-10	1.0E+10	1E-30	1.0E-10	1.0E+10	1E-30	1.0E-10
19	4.2139032623946E-07	1.0E+10	1063829787.23404	1E-30	4.35354896742433E-11	1.0E+10	1E-30	1.0E+10	0.0026	2.76157803547616E-05	1.0E+10	7.23060851210995E-02	3.4005212780913E-05	1.0E+10	7.71931272940686E-03	1.10963952414276E-05	1.0E+10	1.79506065922859E-03	1E-30	6.21133047585797E-12	3.98822959047704E-02	1E-30	4.27890430911196E-11	2.86831888005354E-02	5.82177368419015E-07	2.36265813038868E-11	1.86184695593397E-02	2.05753961524717E-07	1.91842504556505E-11	1.27492871244526E-02	1.14522301986198E-11	4.29018272887641E-11	6.16744771370305	1.0E+10	1E-30	1.0E-10	1.0E+10	1E-30	1.0E-10	1.0E+10	1E-30	1.0E-10	1.0E+10	1E-30	1.0E-10	1.0E+10	1E-30	1.0E-10	1.0E+10	1E-30	1.0E-10	1.0E+10	1E-30	1.0E-10
20	4.5321029820781E-07	1.0E+10	1063829787.23404	1E-30	3.62911162102571E-11	1.0E+10	1E-30	1.0E+10	3.22062387923283E-03	3.03016440204144E-05	1.0E+10	7.88701184006254E-02	6.1848404198553E-05	1.0E+10	6.46208504598135E-03	4.83418171893513E-05	1.0E+10	2.34806000703002E-03	1E-30	2.19346261973983E-11	0.119755000409699	1E-30	4.58422439730897E-11	3.03243838570103E-02	6.97794283773783E-07	3.41733806097215E-11	0.030810872753254	3.43282604979763E-07	2.23115349247705E-11	1.99765173399206E-02	1.05740338884881E-11	4.48300616883338E-11	6.34816727196793	1.0E+10	1E-30	1.0E-10	1.0E+10	1E-30	1.0E-10	1.0E+10	1E-30	1.0E-10	1.0E+10	1E-30	1.0E-10	1.0E+10	1E-30	1.0E-10	1.0E+10	1E-30	1.0E-10	1.0E+10	1E-30	1.0E-10
21	4.5321029820781E-07	1.0E+10	1063829787.23404	1E-30	3.62911162102571E-11	1.0E+10	1E-30	1.0E+10	3.22062387923283E-03	3.03016440204144E-05	1.0E+10	7.88701184006254E-02	6.1848404198553E-05	1.0E+10	6.46208504598135E-03	4.83418171893513E-05	1.0E+10	2.34806000703002E-03	1E-30	2.19346261973983E-11	0.119755000409699	1E-30	4.58422439730897E-11	3.03243838570103E-02	6.97794283773783E-07	3.41733806097215E-11	0.030810872753254	3.43282604979763E-07	2.23115349247705E-11	1.99765173399206E-02	1.05740338884881E-11	4.48300616883338E-11	6.34816727196793	1.0E+10	1E-30	1.0E-10	1.0E+10	1E-30	1.0E-10	1.0E+10	1E-30	1.0E-10	1.0E+10	1E-30	1.0E-10	1.0E+10	1E-30	1.0E-10	1.0E+10	1E-30	1.0E-10	1.0E+10	1E-30	1.0E-10
22	4.3642268647201E-07	1.0E+10	1063829787.23404	1E-30	3.848533338858E-11	1.0E+10	1E-30	1.0E+10	2.66764500514855E-03	3.31652205796085E-05	1.0E+10	5.39167399988529E-02	5.16432378722773E-05	1.0E+10	6.29053675899275E-03	3.74179139988043E-05	1.0E+10	1.64097901050253E-03	1E-30	8.19450969137504E-11	3.50509175191008E-02	5.93383488691551E-07	5.00919616292685E-11	5.88387256276903E-02	3.86732613940761E-07	2.66981407358285E-11	3.25877760186491E-02	7.20539851179313E-12	7.78184590149404E-11	12.288614398596	1.0E+10	1E-30	1.0E-10	1.0E+10	1E-30	1.0E-10	1.0E+10	1E-30	1.0E-10	1.0E+10	1E-30	1.0E-10	1.0E+10	1E-30	1.0E-10	1.0E+10	1E-30	1.0E-10	1.0E+10	1E-30	1.0E-10	1.0E+10	1E-30	1.0E-10
23	9.11361998200988E-07	1.0E+10	500000000	1E-30	2.970034563172E-11	1.0E+10	1E-30	1.0E+10	2.94176253408928E-03	9.56134620012396E-05	1.0E+10	23.0552295018632	1.21477576500867E-04	1.0E+10	2.31098249256973	1.50177787807275E-04	1.0E+10	0.446066156258999	9.58187336554003E-05	1.0E+10	0.149661412641529	8.75117631575526E-05	1.0E+10	2.12858035007435E-02	7.1966494225639E-05	1.0E+10	4.51409631224234E-03	1E-30	9.77282855220448E-12	3.66584591668455E-02	1E-30	5.64039514212045E-11	2.32500533362602E-02	1.41668439985998E-06	3.01345144118863E-11	1.98219729480177E-02	6.7223400271823E-07	2.036620426262E-11	1.34891002040357E-02	7.60904337578233E-12	6.32968850303314E-11	9.22774680896401	1.0E+10	1E-30	1.0E-10	1.0E+10	1E-30	1.0E-10	1.0E+10	1E-30	1.0E-10	1.0E+10	1E-30	1.0E-10
24	9.91960284642322E-07	1.0E+10	500000000	1E-30	3.86409050667623E-11	1.0E+10	1E-30	1.0E+10	2.18149188084408E-03	9.95475262512092E-05	1.0E+10	33.3679607720475	1.28387060110637E-04	1.0E+10	2.53353967850478	1.19893169578329E-04	1.0E+10	0.410631420257648	1.08154484335904E-04	1.0E+10	6.08040078865935E-02	1.08017882643461E-04	1.0E+10	8.00441552446237E-03	1.40863000799135E-04	1.0E+10	1.80193280757211E-03	1E-30	1.14720065761826E-11	6.02077306029095E-02	1E-30	1.21502926979368E-10	2.68640316335825E-02	1.45353302852261E-06	6.14271013079013E-11	4.22857459854303E-02	1.12814153046728E-06	2.98745301512246E-11	2.42796009173997E-02	9.3070623693538E-12	4.27677993804902E-11	6.1445772503701	1.0E+10	1E-30	1.0E-10	1.0E+10	1E-30	1.0E-10	1.0E+10	1E-30	1.0E-10	1.0E+10	1E-30	1.0E-10
25	1.97976325117248E-06	1.0E+10	227272727.272727	1E-30	4.27966791595476E-11	1.0E+10	1E-30	1.0E+10	2.46449440204649E-03	1.41528272218608E-04	1.0E+10	37.0748127241333	3.61934954867996E-04	1.0E+10	2.25537770713565	2.68085912277199E-04	1.0E+10	0.524830156863326	2.39432159184946E-04	1.0E+10	9.79796934656569E-02	2.09544597819984E-04	1.0E+10	1.58902249908968E-02	1.3357020156512E-04	1.0E+10	3.37372341938486E-03	1E-30	1.56005914683222E-11	7.34833067627793E-02	1E-30	4.74316561888982E-11	1.78577440520653E-02	2.95053915213904E-06	2.87472061003464E-11	8.65524062746861E-03	9.0772668429916E-07	2.58675356289315E-11	6.99374639591643E-03	8.42369984804434E-12	5.72280073655039E-11	9.69000823603036	1.0E+10	1E-30	1.0E-10	1.0E+10	1E-30	1.0E-10	1.0E+10	1E-30	1.0E-10	1.0E+10	1E-30	1.0E-10
26	2.02306004489099E-06	1.0E+10	227272727.272727	1E-30	4.24962659094253E-11	1.0E+10	1E-30	1.0E+10	1.9323743275397E-03	2.30678800302389E-04	1.0E+10	11.4380622153863	2.48103197991247E-04	1.0E+10	1.33081642161876	3.11497273255483E-04	1.0E+10	0.215055585760225	2.59212875414244E-04	1.0E+10	6.17331005890687E-02	2.12143939148806E-04	1.0E+10	0.012076897984337	1.97200853836428E-04	1.0E+10	2.02722908132084E-03	1E-30	9.06423217400751E-12	0.037252599584083	1E-30	1.25628078628572E-10	2.12341739877678E-02	2.5945113321862E-06	6.84982588279636E-11	2.70374798573635E-02	2.68761840432076E-06	2.42514345255075E-11	1.64664367869656E-02	9.06875341613935E-12	3.94353228062153E-11	5.68176337861393	1.0E+10	1E-30	1.0E-10	1.0E+10	1E-30	1.0E-10	1.0E+10	1E-30	1.0E-10	1.0E+10	1E-30	1.0E-10
27	4.47146075674201E-06	1.0E+10	106382978.723404	1E-30	2.12951494032002E-12	1.0E+10	1E-30	1.0E+10	1.56227069409848E-03	5.47806253236429E-04	1.0E+10	4.54610776411876	8.47661026283445E-04	1.0E+10	0.544772096695671	6.95768242979339E-04	1.0E+10	0.147959149433194	6.94959087708996E-04	1.0E+10	3.02195073795056E-02	7.53949439726085E-04	1.0E+10	6.09038242568419E-03	4.29822570540959E-04	1.0E+10	2.11332869133221E-03	1E-30	1.31771657775918E-11	3.31352493076164E-02	1E-30	1.15846648999244E-10	1.30324581786607E-02	6.43768919122838E-06	5.58385471686165E-11	1.29716830527809E-02	5.06930020928487E-06	2.36411734578595E-11	7.33393765463545E-03	7.59995405550514E-12	5.67212459236787E-11	8.61276970638357	6.59049388817482E-12	4.17888929813799E-11	100000	1.0E+10	1E-30	1.0E-10	1.0E+10	1E-30	1.0E-10	1.0E+10	1E-30	1.0E-10
28	7.74252113022266E-06	1.0E+10	5000000	1E-30	3.34922627131447E-11	1.0E+10	1E-30	1.0E+10	1.37778434579626E-03	2.05476242131973E-04	1.0E+10	17.322019536821	3.70618935579768E-04	1.0E+10	1.20714915999671	5.07723054913327E-04	1.0E+10	0.34558121169314	4.09758865764602E-04	1.0E+10	0.110180274879416	3.50536388338095E-04	1.0E+10	4.52567340708489E-02	1.83673924439168E-04	1.0E+10	1.43254732234063E-02	1.40968587036264E-04	1.0E+10	2.50114210988037E-03	1E-30	2.92648129837645E-12	1.77005940845566E-02	1E-30	1.54443457112211E-10	1.13256242514279E-02	1E-30	7.04559219623199E-12	8.39602051184417E-03	1.21716136541377E-05	4.62358538399377E-11	1.04529821079478E-02	1.16528932665491E-05	1.66274077682649E-11	6.57712626258302E-03	6.82059542786067E-12	6.69177774013266E-11	18.0823468997485	1.0E+10	1E-30	1.0E-10	1.0E+10	1E-30	1.0E-10
END DSCRDATA
