BEGIN DSCRDATA
% INDEX	K01	L01	M01	K02	L02	M02	K03	L03	M03	K04	L04	M04	K05	L05	M05	K06	L06	M06	K07	L07	M07	K08	L08	M08	K09	L09	M09	K10	L10	M10	K11	L11	M11	K12	L12	M12	K13	L13	M13	K14	L14	M14	K15	L15	M15	K16	L16	M16
0	5.14E-16	1E-30	1.0E-10	1.0E+10	0.000000000761	0.0334	1.0E+10	1E-30	2730	1.0E+10	0.000000023	104	1.0E+10	0.0000000108	5.92	1.0E+10	0.000000389	71.4	1.52E-15	0.000000082	130	1E-30	1.0E+10	1.0E+10	1E-30	1.0E+10	1.0E+10	1E-30	1.0E+10	1.0E+10	1E-30	1.0E+10	1.0E+10	1E-30	1.0E+10	1.0E+10	1E-30	1.0E+10	1.0E+10	1E-30	1.0E+10	1.0E+10	1E-30	1.0E+10	1.0E+10	1E-30	1.0E+10	1.0E+10
1	4.08E-19	1E-30	1.0E-10	1.0E+10	0.000000000894	0.0334	1.0E+10	1E-30	2730	1.0E+10	0.0000000356	161	1.0E+10	0.0000000108	5.92	1.0E+10	0.000000389	71.4	8.16E-17	0.000000035	46.1	1E-30	1.0E+10	1.0E+10	1E-30	1.0E+10	1.0E+10	1E-30	1.0E+10	1.0E+10	1E-30	1.0E+10	1.0E+10	1E-30	1.0E+10	1.0E+10	1E-30	1.0E+10	1.0E+10	1E-30	1.0E+10	1.0E+10	1E-30	1.0E+10	1.0E+10	1E-30	1.0E+10	1.0E+10
2	4.08E-19	1E-30	1.0E-10	1.0E+10	0.00000000098	0.016	1.0E+10	1E-30	2730	1.0E+10	0.0000000356	165	1.0E+10	0.0000000116	6.34	1.0E+10	0.000000389	71.4	5.15E-14	0.00000000088	0.291	1E-30	1.0E+10	1.0E+10	1E-30	1.0E+10	1.0E+10	1E-30	1.0E+10	1.0E+10	1E-30	1.0E+10	1.0E+10	1E-30	1.0E+10	1.0E+10	1E-30	1.0E+10	1.0E+10	1E-30	1.0E+10	1.0E+10	1E-30	1.0E+10	1.0E+10	1E-30	1.0E+10	1.0E+10
3	5.26E-15	1E-30	1.0E-10	1.0E+10	0.00000000105	0.0291	1.0E+10	1E-30	3280	1.0E+10	0.0000000616	338	1.0E+10	0.0000000199	18.9	1.0E+10	0.000000135	48.3	5.18E-14	0.000000000898	0.718	1E-30	1.0E+10	1.0E+10	1E-30	1.0E+10	1.0E+10	1E-30	1.0E+10	1.0E+10	1E-30	1.0E+10	1.0E+10	1E-30	1.0E+10	1.0E+10	1E-30	1.0E+10	1.0E+10	1E-30	1.0E+10	1.0E+10	1E-30	1.0E+10	1.0E+10	1E-30	1.0E+10	1.0E+10
4	1.38E-14	1E-30	1.0E-10	1.0E+10	0.00000000126	0.0206	1.0E+10	1E-30	3440	1.0E+10	0.0000000389	126	1.0E+10	0.0000000177	8.06	1.0E+10	0.000000438	29.8	9.65E-14	0.000000000764	0.625	1E-30	1.0E+10	1.0E+10	1E-30	1.0E+10	1.0E+10	1E-30	1.0E+10	1.0E+10	1E-30	1.0E+10	1.0E+10	1E-30	1.0E+10	1.0E+10	1E-30	1.0E+10	1.0E+10	1E-30	1.0E+10	1.0E+10	1E-30	1.0E+10	1.0E+10	1E-30	1.0E+10	1.0E+10
5	5.64E-16	1E-30	1.0E-10	1.0E+10	0.00000000135	0.0383	1.0E+10	1E-30	3360	1.0E+10	0.0000000363	112	1.0E+10	0.0000000658	24.9	1.0E+10	0.0000000235	9.21	9.01E-14	0.000000000713	0.625	1E-30	1.0E+10	1.0E+10	1E-30	1.0E+10	1.0E+10	1E-30	1.0E+10	1.0E+10	1E-30	1.0E+10	1.0E+10	1E-30	1.0E+10	1.0E+10	1E-30	1.0E+10	1.0E+10	1E-30	1.0E+10	1.0E+10	1E-30	1.0E+10	1.0E+10	1E-30	1.0E+10	1.0E+10
6	2.19E-14	1E-30	1.0E-10	1.0E+10	0.0000000016	0.0319	1.0E+10	1E-30	3950	1.0E+10	0.0000000512	209	1.0E+10	0.0000000233	15	1.0E+10	0.0000000727	16.4	0.00000000000018	0.000000000819	0.99	1E-30	1.0E+10	1.0E+10	1E-30	1.0E+10	1.0E+10	1E-30	1.0E+10	1.0E+10	1E-30	1.0E+10	1.0E+10	1E-30	1.0E+10	1.0E+10	1E-30	1.0E+10	1.0E+10	1E-30	1.0E+10	1.0E+10	1E-30	1.0E+10	1.0E+10	1E-30	1.0E+10	1.0E+10
7	1.18E-14	1E-30	1.0E-10	1.0E+10	0.00000000181	0.058	1.0E+10	1E-30	4040	1.0E+10	0.0000000691	282	1.0E+10	0.0000000218	14	1.0E+10	0.0000000727	16.4	0.000000000000105	0.00000000061	0.0864	1.84E-15	0.0000000666	193	1E-30	1.0E+10	1.0E+10	1E-30	1.0E+10	1.0E+10	1E-30	1.0E+10	1.0E+10	1E-30	1.0E+10	1.0E+10	1E-30	1.0E+10	1.0E+10	1E-30	1.0E+10	1.0E+10	1E-30	1.0E+10	1.0E+10	1E-30	1.0E+10	1.0E+10
8	5.51E-15	1E-30	1.0E-10	1.0E+10	0.00000000213	0.0461	1.0E+10	1E-30	4970	1.0E+10	0.000000066	282	1.0E+10	0.0000000268	17.2	1.0E+10	0.0000000373	7.15	0.00000000000012	0.000000000804	0.486	1.64E-14	0.00000000819	58.3	1E-30	1.0E+10	1.0E+10	1E-30	1.0E+10	1.0E+10	1E-30	1.0E+10	1.0E+10	1E-30	1.0E+10	1.0E+10	1E-30	1.0E+10	1.0E+10	1E-30	1.0E+10	1.0E+10	1E-30	1.0E+10	1.0E+10	1E-30	1.0E+10	1.0E+10
9	2.64E-14	1E-30	1.0E-10	1.0E+10	0.00000000236	0.0392	1.0E+10	1E-30	5200	1.0E+10	0.000000066	282	1.0E+10	0.0000000301	19.3	1.0E+10	0.0000000373	7.15	0.000000000000138	0.000000000768	0.443	1.64E-14	0.00000000819	24.3	1E-30	1.0E+10	1.0E+10	1E-30	1.0E+10	1.0E+10	1E-30	1.0E+10	1.0E+10	1E-30	1.0E+10	1.0E+10	1E-30	1.0E+10	1.0E+10	1E-30	1.0E+10	1.0E+10	1E-30	1.0E+10	1.0E+10	1E-30	1.0E+10	1.0E+10
10	1.45E-16	1E-30	1.0E-10	1.0E+10	0.00000000265	0.042	1.0E+10	1E-30	6110	1.0E+10	0.0000000645	240	1.0E+10	0.0000000379	24.3	1.0E+10	0.000000034	5.06	6.31E-14	0.00000000106	7.52	0.000000000000164	0.000000000819	2.43	1E-30	1.0E+10	1.0E+10	1E-30	1.0E+10	1.0E+10	1E-30	1.0E+10	1.0E+10	1E-30	1.0E+10	1.0E+10	1E-30	1.0E+10	1.0E+10	1E-30	1.0E+10	1.0E+10	1E-30	1.0E+10	1.0E+10	1E-30	1.0E+10	1.0E+10
11	9.55E-15	1E-30	1.0E-10	1.0E+10	0.00000000299	0.0747	1.0E+10	1E-30	6110	1.0E+10	0.0000000741	275	1.0E+10	0.0000000426	27.2	1.0E+10	0.0000000428	6.37	6.17E-14	0.000000000715	0.625	1.39E-15	0.0000000919	441	1E-30	1.0E+10	1.0E+10	1E-30	1.0E+10	1.0E+10	1E-30	1.0E+10	1.0E+10	1E-30	1.0E+10	1.0E+10	1E-30	1.0E+10	1.0E+10	1E-30	1.0E+10	1.0E+10	1E-30	1.0E+10	1.0E+10	1E-30	1.0E+10	1.0E+10
12	1.51E-14	1E-30	1.0E-10	1.0E+10	0.00000000343	0.0819	1.0E+10	1E-30	6260	1.0E+10	0.0000000912	331	1.0E+10	0.0000000426	27.2	1.0E+10	0.0000000428	6.37	7.42E-14	0.000000000715	0.844	1.84E-15	0.0000000697	279	1E-30	1.0E+10	1.0E+10	1E-30	1.0E+10	1.0E+10	1E-30	1.0E+10	1.0E+10	1E-30	1.0E+10	1.0E+10	1E-30	1.0E+10	1.0E+10	1E-30	1.0E+10	1.0E+10	1E-30	1.0E+10	1.0E+10	1E-30	1.0E+10	1.0E+10
13	1.66E-14	1E-30	1.0E-10	1.0E+10	0.00000000368	0.0962	1.0E+10	1E-30	6260	1.0E+10	0.0000000977	380	1.0E+10	0.0000000456	28.5	1.0E+10	0.0000000428	6.37	7.77E-14	0.000000000749	0.844	1.84E-15	0.0000000697	232	1E-30	1.0E+10	1.0E+10	1E-30	1.0E+10	1.0E+10	1E-30	1.0E+10	1.0E+10	1E-30	1.0E+10	1.0E+10	1E-30	1.0E+10	1.0E+10	1E-30	1.0E+10	1.0E+10	1E-30	1.0E+10	1.0E+10	1E-30	1.0E+10	1.0E+10
14	1.66E-14	1E-30	1.0E-10	1.0E+10	0.00000000413	0.08	1.0E+10	1E-30	6260	1.0E+10	0.000000105	407	1.0E+10	0.0000000478	29.9	1.0E+10	0.0000000515	5.55	0.000000000000138	0.000000000637	0.443	1.84E-15	0.0000000697	46.2	1E-30	1.0E+10	1.0E+10	1E-30	1.0E+10	1.0E+10	1E-30	1.0E+10	1.0E+10	1E-30	1.0E+10	1.0E+10	1E-30	1.0E+10	1.0E+10	1E-30	1.0E+10	1.0E+10	1E-30	1.0E+10	1.0E+10	1E-30	1.0E+10	1.0E+10
15	3.31E-14	1E-30	1.0E-10	1.0E+10	0.00000000453	0.105	1.0E+10	1E-30	7020	1.0E+10	0.000000132	549	1.0E+10	0.0000000446	27.9	1.0E+10	0.0000000515	5.55	0.000000000000049	0.00000000113	1.09	1.84E-15	0.0000000697	221	1.24E-15	0.0000000717	136	1E-30	1.0E+10	1.0E+10	1E-30	1.0E+10	1.0E+10	1E-30	1.0E+10	1.0E+10	1E-30	1.0E+10	1.0E+10	1E-30	1.0E+10	1.0E+10	1E-30	1.0E+10	1.0E+10	1E-30	1.0E+10	1.0E+10
16	2.09E-14	1E-30	1.0E-10	1.0E+10	0.00000000508	0.113	1.0E+10	1E-30	8440	1.0E+10	0.000000138	575	1.0E+10	0.0000000536	33.5	1.0E+10	0.0000000619	6.67	7.59E-14	0.000000000699	2.73	2.48E-15	0.0000000517	164	1.24E-15	0.0000000717	136	1E-30	1.0E+10	1.0E+10	1E-30	1.0E+10	1.0E+10	1E-30	1.0E+10	1.0E+10	1E-30	1.0E+10	1.0E+10	1E-30	1.0E+10	1.0E+10	1E-30	1.0E+10	1.0E+10	1E-30	1.0E+10	1.0E+10
17	2.09E-14	1E-30	1.0E-10	1.0E+10	0.00000000545	0.129	1.0E+10	1E-30	8440	1.0E+10	0.000000138	575	1.0E+10	0.0000000561	33.5	1.0E+10	0.0000000619	6.67	8.51E-14	0.000000000784	2.73	2.48E-15	0.0000000517	164	1E-30	1.0E+10	1.0E+10	1E-30	1.0E+10	1.0E+10	1E-30	1.0E+10	1.0E+10	1E-30	1.0E+10	1.0E+10	1E-30	1.0E+10	1.0E+10	1E-30	1.0E+10	1.0E+10	1E-30	1.0E+10	1.0E+10	1E-30	1.0E+10	1.0E+10
18	6.61E-15	1E-30	1.0E-10	1.0E+10	0.00000000611	0.135	1.0E+10	1E-30	8060	1.0E+10	0.000000138	512	1.0E+10	0.0000000601	33.5	1.0E+10	0.0000000797	8.8	0.000000000000115	0.000000000581	0.508	4.52E-15	0.0000000271	88.2	1E-30	1.0E+10	1.0E+10	1E-30	1.0E+10	1.0E+10	1E-30	1.0E+10	1.0E+10	1E-30	1.0E+10	1.0E+10	1E-30	1.0E+10	1.0E+10	1E-30	1.0E+10	1.0E+10	1E-30	1.0E+10	1.0E+10	1E-30	1.0E+10	1.0E+10
19	4.17E-14	1E-30	1.0E-10	1.0E+10	0.00000000674	0.135	1.0E+10	1E-30	8060	1.0E+10	0.000000138	512	1.0E+10	0.0000000659	36.8	1.0E+10	0.0000000797	8.8	0.000000000000135	0.000000000683	1.61	4.73E-15	0.0000000284	55.7	1E-30	1.0E+10	1.0E+10	1E-30	1.0E+10	1.0E+10	1E-30	1.0E+10	1.0E+10	1E-30	1.0E+10	1.0E+10	1E-30	1.0E+10	1.0E+10	1E-30	1.0E+10	1.0E+10	1E-30	1.0E+10	1.0E+10	1E-30	1.0E+10	1.0E+10
20	3.02E-14	1E-30	1.0E-10	1.0E+10	0.00000000722	0.152	1.0E+10	1E-30	8060	1.0E+10	0.000000151	536	1.0E+10	0.0000000706	35.1	1.0E+10	0.000000107	11.3	0.000000000000135	0.000000000683	1.61	4.73E-15	0.0000000284	55.7	1E-30	1.0E+10	1.0E+10	1E-30	1.0E+10	1.0E+10	1E-30	1.0E+10	1.0E+10	1E-30	1.0E+10	1.0E+10	1E-30	1.0E+10	1.0E+10	1E-30	1.0E+10	1.0E+10	1E-30	1.0E+10	1.0E+10	1E-30	1.0E+10	1.0E+10
21	2.24E-14	1E-30	1.0E-10	1.0E+10	0.00000000811	0.17	1.0E+10	1E-30	8440	1.0E+10	0.000000182	645	1.0E+10	0.000000069	34.3	1.0E+10	0.000000107	11.3	0.000000000000115	0.000000000581	0.903	3.83E-15	0.0000000531	45	2.54E-15	0.0000000529	101	1E-30	1.0E+10	1.0E+10	1E-30	1.0E+10	1.0E+10	1E-30	1.0E+10	1.0E+10	1E-30	1.0E+10	1.0E+10	1E-30	1.0E+10	1.0E+10	1E-30	1.0E+10	1.0E+10	1E-30	1.0E+10	1.0E+10
22	1.62E-14	1E-30	1.0E-10	1.0E+10	0.00000000935	0.17	1.0E+10	1E-30	10100	1.0E+10	0.000000186	724	1.0E+10	0.0000000757	37.6	1.0E+10	0.000000103	10.1	0.000000000000129	0.000000000652	0.903	1.56E-15	0.000000113	1030	2.54E-15	0.0000000529	101	1E-30	1.0E+10	1.0E+10	1E-30	1.0E+10	1.0E+10	1E-30	1.0E+10	1.0E+10	1E-30	1.0E+10	1.0E+10	1E-30	1.0E+10	1.0E+10	1E-30	1.0E+10	1.0E+10	1E-30	1.0E+10	1.0E+10
23	0.000000000000055	1E-30	1.0E-10	1.0E+10	0.0000000102	0.17	1.0E+10	1E-30	9250	1.0E+10	0.000000195	675	1.0E+10	0.0000000869	43.2	1.0E+10	0.0000000936	9	0.00000000000012	0.00000000084	1.3	5.67E-15	0.0000000312	220	1E-30	1.0E+10	1.0E+10	1E-30	1.0E+10	1.0E+10	1E-30	1.0E+10	1.0E+10	1E-30	1.0E+10	1.0E+10	1E-30	1.0E+10	1.0E+10	1E-30	1.0E+10	1.0E+10	1E-30	1.0E+10	1.0E+10	1E-30	1.0E+10	1.0E+10
24	2.24E-14	1E-30	1.0E-10	1.0E+10	0.0000000117	0.191	1.0E+10	1E-30	10600	1.0E+10	0.000000234	850	1.0E+10	0.0000000953	47.3	1.0E+10	0.0000000915	8.8	6.46E-14	0.00000000164	3.13	0.000000000000058	0.000000000803	3.18	1E-30	1.0E+10	1.0E+10	1E-30	1.0E+10	1.0E+10	1E-30	1.0E+10	1.0E+10	1E-30	1.0E+10	1.0E+10	1E-30	1.0E+10	1.0E+10	1E-30	1.0E+10	1.0E+10	1E-30	1.0E+10	1.0E+10	1E-30	1.0E+10	1.0E+10
25	0.000000000000017	1E-30	1.0E-10	1.0E+10	0.000000015	0.187	1.0E+10	1E-30	10400	1.0E+10	0.000000257	890	1.0E+10	0.000000109	54.4	1.0E+10	0.0000000727	5.68	0.000000000000061	0.0000000011	2.06	1.86E-14	0.00000000715	7.68	9.19E-14	0.00000000127	3.18	1E-30	1.0E+10	1.0E+10	1E-30	1.0E+10	1.0E+10	1E-30	1.0E+10	1.0E+10	1E-30	1.0E+10	1.0E+10	1E-30	1.0E+10	1.0E+10	1E-30	1.0E+10	1.0E+10	1E-30	1.0E+10	1.0E+10
26	6.17E-15	1E-30	1.0E-10	1.0E+10	0.0000000195	0.205	1.0E+10	1E-30	12800	1.0E+10	0.000000316	1120	1.0E+10	0.000000141	75	1.0E+10	0.0000000779	6.52	0.000000000000128	0.000000000577	1.03	5.37E-14	0.0000000026	5.44	6.21E-15	0.0000000188	297	1E-30	1.0E+10	1.0E+10	1E-30	1.0E+10	1.0E+10	1E-30	1.0E+10	1.0E+10	1E-30	1.0E+10	1.0E+10	1E-30	1.0E+10	1.0E+10	1E-30	1.0E+10	1.0E+10	1E-30	1.0E+10	1.0E+10
27	0.000000000000024	1E-30	1.0E-10	1.0E+10	0.0000000219	0.276	1.0E+10	1E-30	17200	1.0E+10	0.000000362	1350	1.0E+10	0.000000169	88.2	1.0E+10	0.000000129	13.3	0.000000000000125	0.00000000059	1.33	3.98E-14	0.00000000483	11.9	5.93E-15	0.0000000197	311	1E-30	1.0E+10	1.0E+10	1E-30	1.0E+10	1.0E+10	1E-30	1.0E+10	1.0E+10	1E-30	1.0E+10	1.0E+10	1E-30	1.0E+10	1.0E+10	1E-30	1.0E+10	1.0E+10	1E-30	1.0E+10	1.0E+10
28	5.89E-14	1E-30	1.0E-10	1.0E+10	0.0000000263	0.332	1.0E+10	1E-30	17200	1.0E+10	0.000000416	1410	1.0E+10	0.000000208	104	1.0E+10	0.000000187	19.7	1.03E-14	0.0000000126	56.2	0.000000000000114	0.000000000709	0.939	1.48E-14	0.0000000172	31.3	1E-30	1.0E+10	1.0E+10	1E-30	1.0E+10	1.0E+10	1E-30	1.0E+10	1.0E+10	1E-30	1.0E+10	1.0E+10	1E-30	1.0E+10	1.0E+10	1E-30	1.0E+10	1.0E+10	1E-30	1.0E+10	1.0E+10
29	4.79E-14	1E-30	1.0E-10	1.0E+10	0.0000000324	0.418	1.0E+10	1E-30	62600	1.0E+10	0.000000416	1580	1.0E+10	0.000000275	143	1.0E+10	0.000000225	27.2	1.05E-14	0.0000000129	64.5	3.85E-14	0.0000000024	4.1	3.63E-14	0.0000000084	25.4	7.75E-14	0.000000000866	1.47	1E-30	1.0E+10	1.0E+10	1E-30	1.0E+10	1.0E+10	1E-30	1.0E+10	1.0E+10	1E-30	1.0E+10	1.0E+10	1E-30	1.0E+10	1.0E+10	1E-30	1.0E+10	1.0E+10
30	1.55E-14	1E-30	1.0E-10	1.0E+10	0.0000000398	0.448	1.0E+10	1E-30	42300	1.0E+10	0.000000536	1860	1.0E+10	0.000000346	168	1.0E+10	0.000000252	30.5	4.59E-14	0.00000000295	13.8	1.93E-14	0.00000000458	30.4	2.63E-14	0.0000000146	39.4	0.000000000000107	0.000000000657	1.37	1E-30	1.0E+10	1.0E+10	1E-30	1.0E+10	1.0E+10	1E-30	1.0E+10	1.0E+10	1E-30	1.0E+10	1.0E+10	1E-30	1.0E+10	1.0E+10	1E-30	1.0E+10	1.0E+10
31	3.16E-14	1E-30	1.0E-10	1.0E+10	0.0000000479	0.526	1.0E+10	1E-30	46300	1.0E+10	0.000000601	1900	1.0E+10	0.000000426	211	1.0E+10	0.000000263	29.1	3.41E-14	0.00000000457	20	1.93E-14	0.00000000458	30.4	2.09E-14	0.0000000231	55.7	0.000000000000112	0.000000000687	1.54	1E-30	1.0E+10	1.0E+10	1E-30	1.0E+10	1.0E+10	1E-30	1.0E+10	1.0E+10	1E-30	1.0E+10	1.0E+10	1E-30	1.0E+10	1.0E+10	1E-30	1.0E+10	1.0E+10
32	1.26E-14	1E-30	1.0E-10	1.0E+10	0.0000000585	0.538	1.0E+10	1E-30	57000	1.0E+10	0.000000706	2280	1.0E+10	0.000000501	248	1.0E+10	0.000000276	29.1	2.01E-14	0.00000000814	34.8	2.27E-14	0.00000000538	30.4	1.45E-14	0.000000042	90.3	9.74E-14	0.000000000906	3.78	6.41E-14	0.00000000105	2.12	1E-30	1.0E+10	1.0E+10	1E-30	1.0E+10	1.0E+10	1E-30	1.0E+10	1.0E+10	1E-30	1.0E+10	1.0E+10	1E-30	1.0E+10	1.0E+10
33	4.57E-14	1E-30	1.0E-10	1.0E+10	0.000000072	0.647	1.0E+10	1E-30	57000	1.0E+10	0.000000811	2560	1.0E+10	0.000000602	298	1.0E+10	0.000000339	34.2	8.17E-15	0.0000000289	103	2.12E-14	0.00000000502	30.4	1.23E-14	0.0000000621	119	0.000000000000151	0.00000000051	1.14	1E-30	1.0E+10	1.0E+10	1E-30	1.0E+10	1.0E+10	1E-30	1.0E+10	1.0E+10	1E-30	1.0E+10	1.0E+10	1E-30	1.0E+10	1.0E+10	1E-30	1.0E+10	1.0E+10
34	2.34E-14	1E-30	1.0E-10	1.0E+10	0.0000000886	0.726	1.0E+10	1E-30	279000	1.0E+10	0.00000091	2870	1.0E+10	0.00000074	359	1.0E+10	0.000000381	37.5	7.28E-15	0.0000000427	132	2.22E-14	0.00000000603	32.5	1.41E-14	0.0000000713	119	0.000000000000158	0.000000000534	1.73	2.78E-14	0.00000000265	2.36	1E-30	1.0E+10	1.0E+10	1E-30	1.0E+10	1.0E+10	1E-30	1.0E+10	1.0E+10	1E-30	1.0E+10	1.0E+10	1E-30	1.0E+10	1.0E+10
35	3.31E-15	1E-30	1.0E-10	1.0E+10	0.000000104	0.914	1.0E+10	1E-30	106000	1.0E+10	0.00000112	3220	1.0E+10	0.00000087	422	1.0E+10	0.000000458	44	1.05E-14	0.0000000372	103	2.49E-14	0.00000000709	33.3	1.55E-14	0.0000000782	119	8.48E-14	0.00000000125	5.73	0.000000000000162	0.000000000523	1.32	1E-30	1.0E+10	1.0E+10	1E-30	1.0E+10	1.0E+10	1E-30	1.0E+10	1.0E+10	1E-30	1.0E+10	1.0E+10	1E-30	1.0E+10	1.0E+10
36	2.63E-14	1E-30	1.0E-10	1.0E+10	0.000000128	0.957	1.0E+10	1E-30	106000	1.0E+10	0.00000126	3620	1.0E+10	0.000000954	462	1.0E+10	0.000000479	46.1	6.2E-15	0.0000000832	200	7.18E-15	0.0000000339	136	1.18E-14	0.000000136	180	0.000000000000037	0.00000000345	28.7	0.000000000000138	0.000000000615	2.76	0.0000000000001	0.00000000102	2.44	1E-30	1.0E+10	1.0E+10	1E-30	1.0E+10	1.0E+10	1E-30	1.0E+10	1.0E+10	1E-30	1.0E+10	1.0E+10
37	2.63E-14	1E-30	1.0E-10	1.0E+10	0.000000157	1.03	1.0E+10	1E-30	64000	1.0E+10	0.00000162	4060	1.0E+10	0.00000132	638	1.0E+10	0.000000576	55.4	6.95E-15	0.0000000934	200	7.87E-15	0.0000000372	136	1.32E-14	0.000000152	180	0.000000000000037	0.00000000345	28.7	0.000000000000251	0.000000000371	1	1E-30	1.0E+10	1.0E+10	1E-30	1.0E+10	1.0E+10	1E-30	1.0E+10	1.0E+10	1E-30	1.0E+10	1.0E+10	1E-30	1.0E+10	1.0E+10
END DSCRDATA
